0.000000e+00;1.000000e+00;1.000000e+00;0.000000e+00
2.000000e-01;9.800666e-01;9.801646e-01;1.000185e-04
4.000000e-01;9.210610e-01;9.212453e-01;2.000763e-04
6.000000e-01;8.253356e-01;8.255834e-01;3.001817e-04
8.000000e-01;6.967067e-01;6.969856e-01;4.003545e-04
1.000000e+00;5.403023e-01;5.405728e-01;5.006442e-04
1.201000e+00;3.614255e-01;3.616430e-01;6.017134e-04
1.401000e+00;1.689816e-01;1.691005e-01;7.034708e-04
1.601000e+00;-3.019908e-02;-3.022273e-02;7.831424e-04
1.801000e+00;-2.281758e-01;-2.283808e-01;8.983412e-04
2.001000e+00;-4.170559e-01;-4.174728e-01;9.995451e-04
2.201000e+00;-5.893093e-01;-5.899576e-01;1.100098e-03
2.401000e+00;-7.380688e-01;-7.389549e-01;1.200488e-03
2.601000e+00;-8.574038e-01;-8.585192e-01;1.300824e-03
2.801000e+00;-9.425569e-01;-9.438775e-01;1.401149e-03
3.001000e+00;-9.901331e-01;-9.916198e-01;1.501484e-03
3.201000e+00;-9.982359e-01;-9.998349e-01;1.601844e-03
3.401000e+00;-9.665422e-01;-9.681875e-01;1.702247e-03
3.601000e+00;-8.963154e-01;-8.979312e-01;1.802716e-03
3.801000e+00;-7.903555e-01;-7.918597e-01;1.903290e-03
4.001000e+00;-6.528865e-01;-6.541949e-01;2.004052e-03
4.201000e+00;-4.893890e-01;-4.904193e-01;2.105207e-03
4.401000e+00;-3.063811e-01;-3.070574e-01;2.207490e-03
4.601000e+00;-1.111588e-01;-1.114163e-01;2.316890e-03
4.801000e+00;8.849510e-02;8.870619e-02;2.385326e-03
5.000000e+00;2.836622e-01;2.843706e-01;2.497478e-03
5.200000e+00;4.685167e-01;4.697349e-01;2.600105e-03
5.400000e+00;6.346929e-01;6.364075e-01;2.701449e-03
5.600000e+00;7.755659e-01;7.777393e-01;2.802399e-03
5.800000e+00;8.855195e-01;8.880903e-01;2.903190e-03
6.000000e+00;9.601703e-01;9.630546e-01;3.003919e-03
6.200000e+00;9.965421e-01;9.996360e-01;3.104636e-03
6.400000e+00;9.931849e-01;9.963684e-01;3.205375e-03
6.600000e+00;9.502326e-01;9.533742e-01;3.306173e-03
6.800000e+00;8.693975e-01;8.723596e-01;3.407077e-03
7.000000e+00;7.539023e-01;7.565471e-01;3.508171e-03
7.200000e+00;6.083513e-01;6.105472e-01;3.609628e-03
7.400000e+00;4.385473e-01;4.401752e-01;3.711925e-03
7.600000e+00;2.512598e-01;2.522189e-01;3.817023e-03
7.800000e+00;5.395542e-02;5.416886e-02;3.955919e-03
8.000000e+00;-1.455000e-01;-1.460806e-01;3.989803e-03
8.200000e+00;-3.391549e-01;-3.405457e-01;4.100802e-03
8.400000e+00;-5.192887e-01;-5.214718e-01;4.204203e-03
8.600000e+00;-6.787200e-01;-6.816427e-01;4.306141e-03
8.800000e+00;-8.110930e-01;-8.146680e-01;4.407567e-03
9.000000e+00;-9.111303e-01;-9.152383e-01;4.508775e-03
9.200000e+00;-9.748436e-01;-9.793375e-01;4.609890e-03
9.400000e+00;-9.996930e-01;-1.004403e+00;4.710982e-03
9.600000e+00;-9.846879e-01;-9.894263e-01;4.812105e-03
9.800000e+00;-9.304263e-01;-9.349977e-01;4.913315e-03
1.000100e+01;-8.385271e-01;-8.427325e-01;5.015198e-03
1.020100e+01;-7.135654e-01;-7.172167e-01;5.116883e-03
1.040100e+01;-5.601562e-01;-5.630797e-01;5.219197e-03
1.060100e+01;-3.844152e-01;-3.864615e-01;5.323101e-03
1.080100e+01;-1.933489e-01;-1.943994e-01;5.433475e-03
1.100100e+01;5.425686e-03;5.451925e-03;4.836076e-03
1.120100e+01;2.039839e-01;2.051259e-01;5.598190e-03
1.140100e+01;3.944100e-01;3.966612e-01;5.707871e-03
1.160100e+01;5.691122e-01;5.724197e-01;5.811733e-03
1.180100e+01;7.211256e-01;7.253905e-01;5.914138e-03
1.200100e+01;8.443901e-01;8.494699e-01;6.015983e-03
1.220100e+01;9.339914e-01;9.397052e-01;6.117578e-03
1.240100e+01;9.863574e-01;9.924916e-01;6.219066e-03
1.260100e+01;9.994005e-01;1.005717e+00;6.320533e-03
1.280100e+01;9.726006e-01;9.788467e-01;6.422050e-03
1.300100e+01;9.070262e-01;9.129433e-01;6.523696e-03
1.320100e+01;8.052915e-01;8.106270e-01;6.625589e-03
1.340100e+01;6.714524e-01;6.759699e-01;6.727958e-03
1.360100e+01;5.108446e-01;5.143343e-01;6.831354e-03
1.380100e+01;3.298710e-01;3.321595e-01;6.937616e-03
1.400100e+01;1.357465e-01;1.367048e-01;7.059359e-03
1.420100e+01;-6.378972e-02;-6.423951e-02;7.051181e-03
1.440100e+01;-2.607829e-01;-2.626628e-01;7.208583e-03
1.460100e+01;-4.473795e-01;-4.506531e-01;7.317409e-03
1.480100e+01;-6.161404e-01;-6.207132e-01;7.421594e-03
1.500100e+01;-7.603378e-01;-7.660589e-01;7.524392e-03
1.520100e+01;-8.742229e-01;-8.808903e-01;7.626618e-03
1.540100e+01;-9.532556e-01;-9.606229e-01;7.728581e-03
1.560100e+01;-9.942849e-01;-1.002071e+00;7.830436e-03
1.580100e+01;-9.956752e-01;-1.003573e+00;7.932283e-03
1.600100e+01;-9.573711e-01;-9.650628e-01;8.034208e-03
1.620100e+01;-8.808996e-01;-8.880669e-01;8.136319e-03
1.640100e+01;-7.693095e-01;-7.756476e-01;8.238790e-03
1.660100e+01;-6.270494e-01;-6.322802e-01;8.341972e-03
1.680100e+01;-4.597908e-01;-4.636745e-01;8.446787e-03
1.700100e+01;-2.742018e-01;-2.765481e-01;8.556772e-03
1.720100e+01;-7.768126e-02;-7.835800e-02;8.711809e-03
1.740100e+01;1.219362e-01;1.229959e-01;8.690829e-03
1.760100e+01;3.166924e-01;3.194862e-01;8.821606e-03
1.780100e+01;4.988232e-01;5.032776e-01;8.929821e-03
1.800100e+01;6.610674e-01;6.670396e-01;9.034250e-03
1.820100e+01;7.969569e-01;8.042390e-01;9.137390e-03
1.840100e+01;9.010743e-01;9.094002e-01;9.239971e-03
1.860100e+01;9.692687e-01;9.783239e-01;9.342291e-03
1.880000e+01;9.987724e-01;1.008205e+00;9.444000e-03
1.900000e+01;9.887046e-01;9.981430e-01;9.546233e-03
1.920000e+01;9.392203e-01;9.482825e-01;9.648585e-03
1.940000e+01;8.522923e-01;8.606032e-01;9.751200e-03
1.960000e+01;7.313861e-01;7.385934e-01;9.854324e-03
1.980000e+01;5.813218e-01;5.871109e-01;9.958492e-03
0.000000e+00;1.000000e+00;1.000000e+00;0.000000e+00
2.000000e-01;9.800666e-01;9.800666e-01;6.732000e-09
4.000000e-01;9.210610e-01;9.210610e-01;2.813621e-08
6.000000e-01;8.253356e-01;8.253356e-01;6.833866e-08
8.000000e-01;6.967067e-01;6.967066e-01;1.371851e-07
1.000000e+00;5.403023e-01;5.403022e-01;2.594429e-07
1.201000e+00;3.614255e-01;3.614253e-01;5.162372e-07
1.401000e+00;1.689816e-01;1.689814e-01;1.361760e-06
1.601000e+00;-3.019908e-02;-3.019935e-02;8.831979e-06
1.801000e+00;-2.281758e-01;-2.281761e-01;1.281028e-06
2.001000e+00;-4.170559e-01;-4.170562e-01;7.270393e-07
2.201000e+00;-5.893093e-01;-5.893096e-01;5.031814e-07
2.401000e+00;-7.380688e-01;-7.380691e-01;3.661232e-07
2.601000e+00;-8.574038e-01;-8.574040e-01;2.605272e-07
2.801000e+00;-9.425569e-01;-9.425570e-01;1.657976e-07
3.001000e+00;-9.901331e-01;-9.901332e-01;7.116178e-08
3.201000e+00;-9.982359e-01;-9.982359e-01;3.133118e-08
3.401000e+00;-9.665422e-01;-9.665420e-01;1.500053e-07
3.601000e+00;-8.963154e-01;-8.963152e-01;2.964591e-07
3.801000e+00;-7.903555e-01;-7.903551e-01;4.905863e-07
4.001000e+00;-6.528865e-01;-6.528860e-01;7.731366e-07
4.201000e+00;-4.893890e-01;-4.893884e-01;1.247136e-06
4.401000e+00;-3.063811e-01;-3.063804e-01;2.278393e-06
4.601000e+00;-1.111588e-01;-1.111580e-01;6.855212e-06
4.801000e+00;8.849510e-02;8.849590e-02;9.007054e-06
5.000000e+00;2.836622e-01;2.836630e-01;2.817720e-06
5.200000e+00;4.685167e-01;4.685174e-01;1.634872e-06
5.400000e+00;6.346929e-01;6.346936e-01;1.096461e-06
5.600000e+00;7.755659e-01;7.755665e-01;7.603796e-07
5.800000e+00;8.855195e-01;8.855200e-01;5.079016e-07
6.000000e+00;9.601703e-01;9.601706e-01;2.917555e-07
6.200000e+00;9.965421e-01;9.965422e-01;8.693138e-08
6.400000e+00;9.931849e-01;9.931848e-01;1.243727e-07
6.600000e+00;9.502326e-01;9.502323e-01;3.598191e-07
6.800000e+00;8.693975e-01;8.693969e-01;6.432687e-07
7.000000e+00;7.539023e-01;7.539015e-01;1.015814e-06
7.200000e+00;6.083513e-01;6.083504e-01;1.564644e-06
7.400000e+00;4.385473e-01;4.385462e-01;2.526524e-06
7.600000e+00;2.512598e-01;2.512586e-01;4.878583e-06
7.800000e+00;5.395542e-02;5.395412e-02;2.405787e-05
8.000000e+00;-1.455000e-01;-1.455014e-01;9.067271e-06
8.200000e+00;-3.391549e-01;-3.391561e-01;3.791811e-06
8.400000e+00;-5.192887e-01;-5.192899e-01;2.305042e-06
8.600000e+00;-6.787200e-01;-6.787211e-01;1.551986e-06
8.800000e+00;-8.110930e-01;-8.110939e-01;1.058780e-06
9.000000e+00;-9.111303e-01;-9.111309e-01;6.795970e-07
9.200000e+00;-9.748436e-01;-9.748440e-01;3.517326e-07
9.400000e+00;-9.996930e-01;-9.996931e-01;4.000051e-08
9.600000e+00;-9.846879e-01;-9.846876e-01;2.820613e-07
9.800000e+00;-9.304263e-01;-9.304257e-01;6.421184e-07
1.000100e+01;-8.385271e-01;-8.385262e-01;1.081830e-06
1.020100e+01;-7.135654e-01;-7.135642e-01;1.667974e-06
1.040100e+01;-5.601562e-01;-5.601547e-01;2.562288e-06
1.060100e+01;-3.844152e-01;-3.844136e-01;4.241667e-06
1.080100e+01;-1.933489e-01;-1.933471e-01;9.133422e-06
1.100100e+01;5.425686e-03;5.427519e-03;3.379260e-04
1.120100e+01;2.039839e-01;2.039858e-01;8.960839e-06
1.140100e+01;3.944100e-01;3.944117e-01;4.428616e-06
1.160100e+01;5.691122e-01;5.691138e-01;2.794992e-06
1.180100e+01;7.211256e-01;7.211270e-01;1.891062e-06
1.200100e+01;8.443901e-01;8.443912e-01;1.270517e-06
1.220100e+01;9.339914e-01;9.339921e-01;7.794324e-07
1.240100e+01;9.863574e-01;9.863578e-01;3.464918e-07
1.260100e+01;9.994005e-01;9.994004e-01;7.118367e-08
1.280100e+01;9.726006e-01;9.726001e-01;5.083769e-07
1.300100e+01;9.070262e-01;9.070252e-01;1.004300e-06
1.320100e+01;8.052915e-01;8.052902e-01;1.618180e-06
1.340100e+01;6.714524e-01;6.714507e-01;2.463329e-06
1.360100e+01;5.108446e-01;5.108426e-01;3.813038e-06
1.380100e+01;3.298710e-01;3.298688e-01;6.580907e-06
1.400100e+01;1.357465e-01;1.357442e-01;1.702927e-05
1.420100e+01;-6.378972e-02;-6.379208e-02;3.702991e-05
1.440100e+01;-2.607829e-01;-2.607852e-01;8.887030e-06
1.460100e+01;-4.473795e-01;-4.473816e-01;4.866570e-06
1.480100e+01;-6.161404e-01;-6.161424e-01;3.155299e-06
1.500100e+01;-7.603378e-01;-7.603394e-01;2.137672e-06
1.520100e+01;-8.742229e-01;-8.742242e-01;1.408950e-06
1.540100e+01;-9.532556e-01;-9.532563e-01;8.155636e-07
1.560100e+01;-9.942849e-01;-9.942852e-01;2.811349e-07
1.580100e+01;-9.956752e-01;-9.956750e-01;2.437502e-07
1.600100e+01;-9.573711e-01;-9.573703e-01;8.026490e-07
1.620100e+01;-8.808996e-01;-8.808984e-01;1.448766e-06
1.640100e+01;-7.693095e-01;-7.693077e-01;2.268002e-06
1.660100e+01;-6.270494e-01;-6.270472e-01;3.435151e-06
1.680100e+01;-4.597908e-01;-4.597883e-01;5.406072e-06
1.700100e+01;-2.742018e-01;-2.741991e-01;9.935448e-06
1.720100e+01;-7.768126e-02;-7.767840e-02;3.679144e-05
1.740100e+01;1.219362e-01;1.219391e-01;2.360899e-05
1.760100e+01;3.166924e-01;3.166952e-01;8.788349e-06
1.780100e+01;4.988232e-01;4.988257e-01;5.157086e-06
1.800100e+01;6.610674e-01;6.610696e-01;3.407503e-06
1.820100e+01;7.969569e-01;7.969587e-01;2.301446e-06
1.840100e+01;9.010743e-01;9.010756e-01;1.478286e-06
1.860100e+01;9.692687e-01;9.692694e-01;7.891556e-07
1.880000e+01;9.987724e-01;9.987725e-01;1.577475e-07
1.900000e+01;9.887046e-01;9.887041e-01;4.776632e-07
1.920000e+01;9.392203e-01;9.392193e-01;1.167306e-06
1.940000e+01;8.522923e-01;8.522906e-01;1.981929e-06
1.960000e+01;7.313861e-01;7.313839e-01;3.043479e-06
1.980000e+01;5.813218e-01;5.813191e-01;4.616524e-06
0.000000e+00;1.000000e+00;1.000000e+00;0.000000e+00
2.000000e-01;9.800666e-01;9.800666e-01;8.335396e-12
4.000000e-01;9.210610e-01;9.210610e-01;1.667225e-11
6.000000e-01;8.253356e-01;8.253356e-01;2.501385e-11
8.000000e-01;6.967067e-01;6.967067e-01;3.336246e-11
1.000000e+00;5.403023e-01;5.403023e-01;4.171939e-11
1.201000e+00;3.614255e-01;3.614255e-01;5.020286e-11
1.401000e+00;1.689816e-01;1.689816e-01;5.890423e-11
1.601000e+00;-3.019908e-02;-3.019908e-02;6.276455e-11
1.801000e+00;-2.281758e-01;-2.281758e-01;7.441229e-11
2.001000e+00;-4.170559e-01;-4.170559e-01;8.299362e-11
2.201000e+00;-5.893093e-01;-5.893093e-01;9.143059e-11
2.401000e+00;-7.380688e-01;-7.380688e-01;9.983058e-11
2.601000e+00;-8.574038e-01;-8.574038e-01;1.082193e-10
2.801000e+00;-9.425569e-01;-9.425569e-01;1.166083e-10
3.001000e+00;-9.901331e-01;-9.901331e-01;1.249998e-10
3.201000e+00;-9.982359e-01;-9.982359e-01;1.333994e-10
3.401000e+00;-9.665422e-01;-9.665422e-01;1.418120e-10
3.601000e+00;-8.963154e-01;-8.963154e-01;1.502453e-10
3.801000e+00;-7.903555e-01;-7.903555e-01;1.587142e-10
4.001000e+00;-6.528865e-01;-6.528865e-01;1.672467e-10
4.201000e+00;-4.893890e-01;-4.893890e-01;1.757580e-10
4.401000e+00;-3.063811e-01;-3.063811e-01;1.844347e-10
4.601000e+00;-1.111588e-01;-1.111588e-01;1.942094e-10
4.801000e+00;8.849510e-02;8.849510e-02;1.975809e-10
5.000000e+00;2.836622e-01;2.836622e-01;2.078002e-10
5.200000e+00;4.685167e-01;4.685167e-01;2.164854e-10
5.400000e+00;6.346929e-01;6.346929e-01;2.249580e-10
5.600000e+00;7.755659e-01;7.755659e-01;2.333568e-10
5.800000e+00;8.855195e-01;8.855195e-01;2.417159e-10
6.000000e+00;9.601703e-01;9.601703e-01;2.500491e-10
6.200000e+00;9.965421e-01;9.965421e-01;2.583588e-10
6.400000e+00;9.931849e-01;9.931849e-01;2.666455e-10
6.600000e+00;9.502326e-01;9.502326e-01;2.749060e-10
6.800000e+00;8.693975e-01;8.693975e-01;2.831291e-10
7.000000e+00;7.539023e-01;7.539023e-01;2.912961e-10
7.200000e+00;6.083513e-01;6.083513e-01;2.993610e-10
7.400000e+00;4.385473e-01;4.385473e-01;3.071991e-10
7.600000e+00;2.512598e-01;2.512598e-01;3.142899e-10
7.800000e+00;5.395542e-02;5.395542e-02;3.124280e-10
8.000000e+00;-1.455000e-01;-1.455000e-01;3.383696e-10
8.200000e+00;-3.391549e-01;-3.391549e-01;3.434013e-10
8.400000e+00;-5.192887e-01;-5.192887e-01;3.508392e-10
8.600000e+00;-6.787200e-01;-6.787200e-01;3.587609e-10
8.800000e+00;-8.110930e-01;-8.110930e-01;3.668710e-10
9.000000e+00;-9.111303e-01;-9.111303e-01;3.750802e-10
9.200000e+00;-9.748436e-01;-9.748436e-01;3.833545e-10
9.400000e+00;-9.996930e-01;-9.996930e-01;3.916773e-10
9.600000e+00;-9.846879e-01;-9.846879e-01;4.000479e-10
9.800000e+00;-9.304263e-01;-9.304263e-01;4.084721e-10
1.000100e+01;-8.385271e-01;-8.385271e-01;4.170077e-10
1.020100e+01;-7.135654e-01;-7.135654e-01;4.256023e-10
1.040100e+01;-5.601562e-01;-5.601562e-01;4.343861e-10
1.060100e+01;-3.844152e-01;-3.844152e-01;4.436232e-10
1.080100e+01;-1.933489e-01;-1.933489e-01;4.546663e-10
1.100100e+01;5.425686e-03;5.425686e-03;2.693039e-10
1.120100e+01;2.039839e-01;2.039839e-01;4.612357e-10
1.140100e+01;3.944100e-01;3.944100e-01;4.721201e-10
1.160100e+01;5.691122e-01;5.691122e-01;4.813979e-10
1.180100e+01;7.211256e-01;7.211256e-01;4.902888e-10
1.200100e+01;8.443901e-01;8.443901e-01;4.990356e-10
1.220100e+01;9.339914e-01;9.339914e-01;5.077300e-10
1.240100e+01;9.863574e-01;9.863574e-01;5.164166e-10
1.260100e+01;9.994005e-01;9.994005e-01;5.251264e-10
1.280100e+01;9.726006e-01;9.726006e-01;5.338887e-10
1.300100e+01;9.070262e-01;9.070262e-01;5.427474e-10
1.320100e+01;8.052915e-01;8.052915e-01;5.517659e-10
1.340100e+01;6.714524e-01;6.714524e-01;5.610802e-10
1.360100e+01;5.108446e-01;5.108446e-01;5.710204e-10
1.380100e+01;3.298710e-01;3.298710e-01;5.826977e-10
1.400100e+01;1.357465e-01;1.357465e-01;6.037293e-10
1.420100e+01;-6.378972e-02;-6.378972e-02;5.463023e-10
1.440100e+01;-2.607829e-01;-2.607829e-01;5.888760e-10
1.460100e+01;-4.473795e-01;-4.473795e-01;6.021188e-10
1.480100e+01;-6.161404e-01;-6.161404e-01;6.125640e-10
1.500100e+01;-7.603378e-01;-7.603378e-01;6.221771e-10
1.520100e+01;-8.742229e-01;-8.742229e-01;6.314519e-10
1.540100e+01;-9.532556e-01;-9.532556e-01;6.405801e-10
1.560100e+01;-9.942849e-01;-9.942849e-01;6.496567e-10
1.580100e+01;-9.956752e-01;-9.956752e-01;6.587485e-10
1.600100e+01;-9.573711e-01;-9.573711e-01;6.679173e-10
1.620100e+01;-8.808996e-01;-8.808996e-01;6.770543e-10
1.640100e+01;-7.693095e-01;-7.693095e-01;6.862808e-10
1.660100e+01;-6.270494e-01;-6.270494e-01;6.957517e-10
1.680100e+01;-4.597908e-01;-4.597908e-01;7.058626e-10
1.700100e+01;-2.742018e-01;-2.742018e-01;7.180972e-10
1.720100e+01;-7.768126e-02;-7.768126e-02;7.491885e-10
1.740100e+01;1.219362e-01;1.219362e-01;7.064049e-10
1.760100e+01;3.166924e-01;3.166924e-01;7.272404e-10
1.780100e+01;4.988232e-01;4.988232e-01;7.385712e-10
1.800100e+01;6.610674e-01;6.610674e-01;7.482692e-10
1.820100e+01;7.969569e-01;7.969569e-01;7.573798e-10
1.840100e+01;9.010743e-01;9.010743e-01;7.661972e-10
1.860100e+01;9.692687e-01;9.692687e-01;7.748409e-10
1.880000e+01;9.987724e-01;9.987724e-01;7.833196e-10
1.900000e+01;9.887046e-01;9.887046e-01;7.917429e-10
1.920000e+01;9.392203e-01;9.392203e-01;8.000714e-10
1.940000e+01;8.522923e-01;8.522923e-01;8.082951e-10
1.960000e+01;7.313861e-01;7.313861e-01;8.163795e-10
1.980000e+01;5.813218e-01;5.813218e-01;8.242257e-10
0.000000e+00;1.000000e+00;1.000000e+00;0.000000e+00
2.000000e-01;9.800666e-01;9.800666e-01;2.265607e-16
4.000000e-01;9.210610e-01;9.210610e-01;2.169673e-15
6.000000e-01;8.253356e-01;8.253356e-01;2.959391e-15
8.000000e-01;6.967067e-01;6.967067e-01;9.242474e-15
1.000000e+00;5.403023e-01;5.403023e-01;1.520565e-14
1.201000e+00;3.614255e-01;3.614255e-01;3.056430e-14
1.401000e+00;1.689816e-01;1.689816e-01;1.903681e-13
1.601000e+00;-3.019908e-02;-3.019908e-02;1.755915e-12
1.801000e+00;-2.281758e-01;-2.281758e-01;3.143208e-13
2.001000e+00;-4.170559e-01;-4.170559e-01;2.028481e-13
2.201000e+00;-5.893093e-01;-5.893093e-01;1.571205e-13
2.401000e+00;-7.380688e-01;-7.380688e-01;1.231962e-13
2.601000e+00;-8.574038e-01;-8.574038e-01;9.193548e-14
2.801000e+00;-9.425569e-01;-9.425569e-01;6.183893e-14
3.001000e+00;-9.901331e-01;-9.901331e-01;2.836855e-14
3.201000e+00;-9.982359e-01;-9.982359e-01;1.323500e-14
3.401000e+00;-9.665422e-01;-9.665422e-01;6.363546e-14
3.601000e+00;-8.963154e-01;-8.963154e-01;1.270857e-13
3.801000e+00;-7.903555e-01;-7.903555e-01;2.128141e-13
4.001000e+00;-6.528865e-01;-6.528865e-01;3.429876e-13
4.201000e+00;-4.893890e-01;-4.893890e-01;4.091402e-13
4.401000e+00;-3.063811e-01;-3.063811e-01;5.036897e-13
4.601000e+00;-1.111588e-01;-1.111588e-01;8.345990e-13
4.801000e+00;8.849510e-02;8.849510e-02;2.800802e-13
5.000000e+00;2.836622e-01;2.836622e-01;1.454011e-13
5.200000e+00;4.685167e-01;4.685167e-01;2.108993e-13
5.400000e+00;6.346929e-01;6.346929e-01;2.165545e-13
5.600000e+00;7.755659e-01;7.755659e-01;1.998375e-13
5.800000e+00;8.855195e-01;8.855195e-01;1.643671e-13
6.000000e+00;9.601703e-01;9.601703e-01;1.108870e-13
6.200000e+00;9.965421e-01;9.965421e-01;3.754434e-14
6.400000e+00;9.931849e-01;9.931849e-01;6.293446e-14
6.600000e+00;9.502326e-01;9.502326e-01;1.962861e-13
6.800000e+00;8.693975e-01;8.693975e-01;3.773543e-13
7.000000e+00;7.539023e-01;7.539023e-01;6.380928e-13
7.200000e+00;6.083513e-01;6.083513e-01;1.043883e-12
7.400000e+00;4.385473e-01;4.385473e-01;1.778444e-12
7.600000e+00;2.512598e-01;2.512598e-01;3.604714e-12
7.800000e+00;5.395542e-02;5.395542e-02;1.857675e-11
8.000000e+00;-1.455000e-01;-1.455000e-01;7.280925e-12
8.200000e+00;-3.391549e-01;-3.391549e-01;2.665610e-12
8.400000e+00;-5.192887e-01;-5.192887e-01;1.401011e-12
8.600000e+00;-6.787200e-01;-6.787200e-01;7.997230e-13
8.800000e+00;-8.110930e-01;-8.110930e-01;4.534830e-13
9.000000e+00;-9.111303e-01;-9.111303e-01;2.333450e-13
9.200000e+00;-9.748436e-01;-9.748436e-01;9.088206e-14
9.400000e+00;-9.996930e-01;-9.996930e-01;4.331199e-15
9.600000e+00;-9.846879e-01;-9.846879e-01;3.968755e-14
9.800000e+00;-9.304263e-01;-9.304263e-01;3.949629e-14
1.000100e+01;-8.385271e-01;-8.385271e-01;1.006252e-14
1.020100e+01;-7.135654e-01;-7.135654e-01;1.269599e-13
1.040100e+01;-5.601562e-01;-5.601562e-01;3.533885e-13
1.060100e+01;-3.844152e-01;-3.844152e-01;8.392769e-13
1.080100e+01;-1.933489e-01;-1.933489e-01;2.327405e-12
1.100100e+01;5.425686e-03;5.425686e-03;1.047362e-10
1.120100e+01;2.039839e-01;2.039839e-01;3.252829e-12
1.140100e+01;3.944100e-01;3.944100e-01;1.834045e-12
1.160100e+01;5.691122e-01;5.691122e-01;1.295915e-12
1.180100e+01;7.211256e-01;7.211256e-01;9.688511e-13
1.200100e+01;8.443901e-01;8.443901e-01;7.098726e-13
1.220100e+01;9.339914e-01;9.339914e-01;4.717897e-13
1.240100e+01;9.863574e-01;9.863574e-01;2.274795e-13
1.260100e+01;9.994005e-01;9.994005e-01;4.376903e-14
1.280100e+01;9.726006e-01;9.726006e-01;3.644808e-13
1.300100e+01;9.070262e-01;9.070262e-01;7.635470e-13
1.320100e+01;8.052915e-01;8.052915e-01;1.292631e-12
1.340100e+01;6.714524e-01;6.714524e-01;2.062036e-12
1.360100e+01;5.108446e-01;5.108446e-01;3.330596e-12
1.380100e+01;3.298710e-01;3.298710e-01;5.983749e-12
1.400100e+01;1.357465e-01;1.357465e-01;1.607983e-11
1.420100e+01;-6.378972e-02;-6.378972e-02;3.621446e-11
1.440100e+01;-2.607829e-01;-2.607829e-01;8.982413e-12
1.460100e+01;-4.473795e-01;-4.473795e-01;5.073908e-12
1.480100e+01;-6.161404e-01;-6.161404e-01;3.386670e-12
1.500100e+01;-7.603378e-01;-7.603378e-01;2.359636e-12
1.520100e+01;-8.742229e-01;-8.742229e-01;1.597602e-12
1.540100e+01;-9.532556e-01;-9.532556e-01;9.502499e-13
1.560100e+01;-9.942849e-01;-9.942849e-01;3.374379e-13
1.580100e+01;-9.956752e-01;-9.956752e-01;2.892428e-13
1.600100e+01;-9.573711e-01;-9.573711e-01;9.860572e-13
1.620100e+01;-8.808996e-01;-8.808996e-01;1.629227e-12
1.640100e+01;-7.693095e-01;-7.693095e-01;2.317254e-12
1.660100e+01;-6.270494e-01;-6.270494e-01;3.165746e-12
1.680100e+01;-4.597908e-01;-4.597908e-01;4.448829e-12
1.700100e+01;-2.742018e-01;-2.742018e-01;7.218224e-12
1.720100e+01;-7.768126e-02;-7.768126e-02;2.328029e-11
1.740100e+01;1.219362e-01;1.219362e-01;1.277607e-11
1.760100e+01;3.166924e-01;3.166924e-01;3.967205e-12
1.780100e+01;4.988232e-01;4.988232e-01;1.877810e-12
1.800100e+01;6.610674e-01;6.610674e-01;9.475401e-13
1.820100e+01;7.969569e-01;7.969569e-01;4.491283e-13
1.840100e+01;9.010743e-01;9.010743e-01;1.707705e-13
1.860100e+01;9.692687e-01;9.692687e-01;3.115552e-14
1.880000e+01;9.987724e-01;9.987724e-01;4.446351e-16
1.900000e+01;9.887046e-01;9.887046e-01;6.670066e-14
1.920000e+01;9.392203e-01;9.392203e-01;2.433880e-13
1.940000e+01;8.522923e-01;8.522923e-01;5.534882e-13
1.960000e+01;7.313861e-01;7.313861e-01;1.068045e-12
1.980000e+01;5.813218e-01;5.813218e-01;1.943820e-12
