0.000000e+00;5.000000e-01;5.000000e-01;0.000000e+00
2.000000e-01;5.893680e-01;5.950000e-01;9.556077e-03
4.000000e-01;6.552397e-01;6.680500e-01;1.955060e-02
7.000000e-01;7.045299e-01;7.293515e-01;3.523131e-02
9.000000e-01;7.024684e-01;7.348862e-01;4.614842e-02
1.100000e+00;6.724017e-01;7.110634e-01;5.749779e-02
1.200000e+00;6.471984e-01;6.882110e-01;6.336938e-02
1.400000e+00;5.777084e-01;6.214029e-01;7.563405e-02
1.600000e+00;4.851870e-01;5.283336e-01;8.892778e-02
1.800000e+00;3.733228e-01;4.122076e-01;1.041586e-01
2.000000e+00;2.465753e-01;2.772178e-01;1.242725e-01
2.200000e+00;1.099976e-01;1.283983e-01;1.672827e-01
2.400000e+00;-3.096527e-02;-2.856117e-02;7.763852e-02
2.600000e+00;-1.706937e-01;-1.875303e-01;9.863622e-02
2.800000e+00;-3.036171e-01;-3.421747e-01;1.269941e-01
3.000000e+00;-4.244362e-01;-4.862062e-01;1.455342e-01
3.200000e+00;-5.283345e-01;-6.136360e-01;1.614536e-01
3.400000e+00;-6.111696e-01;-7.190202e-01;1.764659e-01
3.600000e+00;-6.696394e-01;-7.976900e-01;1.912232e-01
3.800000e+00;-7.014128e-01;-8.459537e-01;2.060711e-01
4.000000e+00;-7.052231e-01;-8.612647e-01;2.212657e-01
4.200000e+00;-6.809183e-01;-8.423468e-01;2.370747e-01
4.500000e+00;-5.941630e-01;-7.503204e-01;2.628192e-01
4.700000e+00;-5.061560e-01;-6.491316e-01;2.824735e-01
4.900000e+00;-3.979701e-01;-5.198787e-01;3.063261e-01
5.100000e+00;-2.739185e-01;-3.671808e-01;3.404747e-01
5.300000e+00;-1.389466e-01;-1.966896e-01;4.155776e-01
5.500000e+00;1.564724e-03;-1.488434e-02;1.051244e+01
5.700000e+00;1.420136e-01;1.711721e-01;2.053216e-01
5.900000e+00;2.768009e-01;3.541042e-01;2.792743e-01
6.100000e+00;4.005530e-01;5.265138e-01;3.144673e-01
6.300000e+00;5.083363e-01;6.812755e-01;3.402064e-01
6.500000e+00;5.958538e-01;8.118288e-01;3.624631e-01
6.700000e+00;6.596165e-01;9.124519e-01;3.833066e-01
6.900000e+00;6.970824e-01;9.785082e-01;4.037195e-01
7.100000e+00;7.067579e-01;1.006654e+00;4.243267e-01
7.300000e+00;6.882571e-01;9.949988e-01;4.456790e-01
7.500000e+00;6.423176e-01;9.432098e-01;4.684477e-01
7.700000e+00;5.707710e-01;8.525572e-01;4.936939e-01
7.900000e+00;4.764696e-01;7.258949e-01;5.234863e-01
8.100000e+00;3.631728e-01;5.675783e-01;5.628325e-01
8.300000e+00;2.353975e-01;3.833196e-01;6.283930e-01
8.500000e+00;9.823760e-02;1.799863e-01;8.321525e-01
8.700000e+00;-4.283871e-02;-3.465155e-02;1.911159e-01
8.900000e+00;-1.822072e-01;-2.522141e-01;3.842159e-01
9.100000e+00;-3.143116e-01;-4.640358e-01;4.763559e-01
9.300000e+00;-4.338855e-01;-6.615073e-01;5.246128e-01
9.500000e+00;-5.361616e-01;-8.364216e-01;5.600176e-01
9.700000e+00;-6.170628e-01;-9.813111e-01;5.902939e-01
9.900000e+00;-6.733635e-01;-1.089762e+00;6.183863e-01
1.010000e+01;-7.028194e-01;-1.156694e+00;6.457911e-01
1.030000e+01;-7.042561e-01;-1.178587e+00;6.735211e-01
1.050000e+01;-6.776163e-01;-1.153660e+00;7.025264e-01
1.070000e+01;-6.239621e-01;-1.081969e+00;7.340301e-01
1.090000e+01;-5.454326e-01;-9.654506e-01;7.700642e-01
1.110000e+01;-4.451583e-01;-8.078755e-01;8.148051e-01
1.130000e+01;-3.271370e-01;-6.147373e-01;8.791437e-01
1.150000e+01;-1.960737e-01;-3.930661e-01;1.004685e+00
1.170000e+01;-5.719362e-02;-1.511773e-01;1.643255e+00
1.190000e+01;8.396659e-02;1.016356e-01;2.104289e-01
1.210000e+01;2.217793e-01;3.554545e-01;6.027395e-01
1.230000e+01;3.507504e-01;6.001214e-01;7.109642e-01
1.250000e+01;4.657382e-01;8.256413e-01;7.727584e-01
1.270000e+01;5.621585e-01;1.022586e+00;8.190349e-01
1.290000e+01;6.361672e-01;1.182483e+00;8.587618e-01
1.310000e+01;6.848140e-01;1.298177e+00;8.956638e-01
1.330000e+01;7.061595e-01;1.364140e+00;9.317727e-01
1.350000e+01;6.993525e-01;1.376726e+00;9.685720e-01
1.370000e+01;6.646646e-01;1.334358e+00;1.007566e+00
1.390000e+01;6.034787e-01;1.237632e+00;1.050829e+00
1.410000e+01;5.182339e-01;1.089331e+00;1.102007e+00
1.430000e+01;4.123288e-01;8.943683e-01;1.169066e+00
1.450000e+01;2.899854e-01;6.596223e-01;1.274674e+00
1.470000e+01;1.560812e-01;3.937070e-01;1.522450e+00
1.490000e+01;1.595458e-02;1.066592e-01;5.685175e+00
1.510000e+01;-1.248081e-01;-1.904353e-01;5.258249e-01
1.530000e+01;-2.605951e-01;-4.858650e-01;8.644440e-01
1.550000e+01;-3.859930e-01;-7.677496e-01;9.890247e-01
1.570000e+01;-4.960026e-01;-1.024513e+00;1.065540e+00
1.590000e+01;-5.862381e-01;-1.245355e+00;1.124316e+00
1.610000e+01;-6.531021e-01;-1.420697e+00;1.175306e+00
1.630000e+01;-6.939290e-01;-1.542593e+00;1.222984e+00
1.650000e+01;-7.070912e-01;-1.605082e+00;1.269978e+00
1.670000e+01;-6.920639e-01;-1.604462e+00;1.318373e+00
1.690000e+01;-6.494461e-01;-1.539492e+00;1.370469e+00
1.700000e+01;-6.182804e-01;-1.483184e+00;1.398886e+00
1.720000e+01;-5.377891e-01;-1.324947e+00;1.463692e+00
1.740000e+01;-4.358579e-01;-1.110399e+00;1.547617e+00
1.760000e+01;-3.165504e-01;-8.470117e-01;1.675756e+00
1.780000e+01;-1.846230e-01;-5.443651e-01;1.948523e+00
1.800000e+01;-4.533527e-02;-2.138063e-01;3.716113e+00
1.820000e+01;9.575982e-02;1.319704e-01;3.781399e-01
1.840000e+01;2.330373e-01;4.794052e-01;1.057204e+00
1.860000e+01;3.610243e-01;8.145993e-01;1.256356e+00
1.880000e+01;4.746184e-01;1.123865e+00;1.367935e+00
1.900000e+01;5.692909e-01;1.394281e+00;1.449153e+00
1.920000e+01;6.412676e-01;1.614221e+00;1.517234e+00
1.940000e+01;6.876790e-01;1.773851e+00;1.579475e+00
1.960000e+01;7.066749e-01;1.865559e+00;1.639911e+00
1.980000e+01;6.974978e-01;1.884301e+00;1.701515e+00
0.000000e+00;5.000000e-01;5.000000e-01;0.000000e+00
2.000000e-01;5.893680e-01;5.895125e-01;2.452554e-04
4.000000e-01;6.552397e-01;6.554490e-01;3.194360e-04
7.000000e-01;7.045299e-01;7.046613e-01;1.864083e-04
9.000000e-01;7.024684e-01;7.024257e-01;6.077222e-05
1.100000e+00;6.724017e-01;6.720931e-01;4.590316e-04
1.200000e+00;6.471984e-01;6.467262e-01;7.296866e-04
1.400000e+00;5.777084e-01;5.768593e-01;1.469866e-03
1.600000e+00;4.851870e-01;4.839145e-01;2.622718e-03
1.800000e+00;3.733228e-01;3.716086e-01;4.591781e-03
2.000000e+00;2.465753e-01;2.444326e-01;8.689763e-03
2.200000e+00;1.099976e-01;1.074730e-01;2.295167e-02
2.400000e+00;-3.096527e-02;-3.379236e-02;9.129871e-02
2.600000e+00;-1.706937e-01;-1.737131e-01;1.768902e-02
2.800000e+00;-3.036171e-01;-3.066923e-01;1.012858e-02
3.000000e+00;-4.244362e-01;-4.274105e-01;7.007482e-03
3.200000e+00;-5.283345e-01;-5.310383e-01;5.117589e-03
3.400000e+00;-6.111696e-01;-6.134297e-01;3.697903e-03
3.600000e+00;-6.696394e-01;-6.712881e-01;2.461967e-03
3.800000e+00;-7.014128e-01;-7.022978e-01;1.261732e-03
4.000000e+00;-7.052231e-01;-7.052172e-01;8.346909e-06
4.200000e+00;-6.809183e-01;-6.799280e-01;1.454347e-03
4.500000e+00;-5.941630e-01;-5.916125e-01;4.292588e-03
4.700000e+00;-5.061560e-01;-5.025795e-01;7.065847e-03
4.900000e+00;-3.979701e-01;-3.934390e-01;1.138562e-02
5.100000e+00;-2.739185e-01;-2.685554e-01;1.957903e-02
5.300000e+00;-1.389466e-01;-1.329234e-01;4.334885e-02
5.500000e+00;1.564724e-03;8.032371e-03;4.133410e+00
5.700000e+00;1.420136e-01;1.486739e-01;4.689869e-02
5.900000e+00;2.768009e-01;2.833755e-01;2.375199e-02
6.100000e+00;4.005530e-01;4.067488e-01;1.546808e-02
6.300000e+00;5.083363e-01;5.138583e-01;1.086289e-02
6.500000e+00;5.958538e-01;6.004188e-01;7.661275e-03
6.700000e+00;6.596165e-01;6.629669e-01;5.079297e-03
6.900000e+00;6.970824e-01;6.989995e-01;2.750114e-03
7.100000e+00;7.067579e-01;7.070739e-01;4.471433e-04
7.300000e+00;6.882571e-01;6.868657e-01;2.021568e-03
7.500000e+00;6.423176e-01;6.391819e-01;4.881915e-03
7.700000e+00;5.707710e-01;5.659284e-01;8.484322e-03
7.900000e+00;4.764696e-01;4.700342e-01;1.350649e-02
8.100000e+00;3.631728e-01;3.553337e-01;2.158498e-02
8.300000e+00;2.353975e-01;2.264142e-01;3.816208e-02
8.500000e+00;9.823760e-02;8.843171e-02;9.981816e-02
8.700000e+00;-4.283871e-02;-5.309499e-02;2.394162e-01
8.900000e+00;-1.822072e-01;-1.925050e-01;5.651690e-02
9.100000e+00;-3.143116e-01;-3.242217e-01;3.152949e-02
9.300000e+00;-4.338855e-01;-4.429762e-01;2.095188e-02
9.500000e+00;-5.361616e-01;-5.440175e-01;1.465208e-02
9.700000e+00;-6.170628e-01;-6.233032e-01;1.011319e-02
9.900000e+00;-6.733635e-01;-6.776608e-01;6.381756e-03
1.010000e+01;-7.028194e-01;-7.049146e-01;2.981102e-03
1.030000e+01;-7.042561e-01;-7.039732e-01;4.017260e-04
1.050000e+01;-6.776163e-01;-6.748728e-01;4.048779e-03
1.070000e+01;-6.239621e-01;-6.187761e-01;8.311503e-03
1.090000e+01;-5.454326e-01;-5.379255e-01;1.376349e-02
1.110000e+01;-4.451583e-01;-4.355538e-01;2.157532e-02
1.130000e+01;-3.271370e-01;-3.157549e-01;3.479286e-02
1.150000e+01;-1.960737e-01;-1.833198e-01;6.504643e-02
1.170000e+01;-5.719362e-02;-4.354529e-02;2.386339e-01
1.190000e+01;8.396659e-02;9.797804e-02;1.668693e-01
1.210000e+01;2.217793e-01;2.355893e-01;6.226908e-02
1.230000e+01;3.507504e-01;3.637839e-01;3.715888e-02
1.250000e+01;4.657382e-01;4.774335e-01;2.511144e-02
1.270000e+01;5.621585e-01;5.719915e-01;1.749164e-02
1.290000e+01;6.361672e-01;6.436746e-01;1.180089e-02
1.310000e+01;6.848140e-01;6.896142e-01;7.009473e-03
1.330000e+01;7.061595e-01;7.079716e-01;2.566184e-03
1.350000e+01;6.993525e-01;6.980110e-01;1.918221e-03
1.370000e+01;6.646646e-01;6.601295e-01;6.823172e-03
1.390000e+01;6.034787e-01;5.958409e-01;1.265616e-02
1.410000e+01;5.182339e-01;5.077155e-01;2.029660e-02
1.430000e+01;4.123288e-01;3.992770e-01;3.165370e-02
1.450000e+01;2.899854e-01;2.748621e-01;5.215203e-02
1.470000e+01;1.560812e-01;1.394464e-01;1.065780e-01
1.490000e+01;1.595458e-02;-1.553903e-03;1.097395e+00
1.510000e+01;-1.248081e-01;-1.424991e-01;1.417455e-01
1.530000e+01;-2.605951e-01;-2.777514e-01;6.583496e-02
1.550000e+01;-3.859930e-01;-4.019004e-01;4.121154e-02
1.570000e+01;-4.960026e-01;-5.099795e-01;2.817924e-02
1.590000e+01;-5.862381e-01;-5.976649e-01;1.949186e-02
1.610000e+01;-6.531021e-01;-6.614481e-01;1.277902e-02
1.630000e+01;-6.939290e-01;-6.987766e-01;6.985630e-03
1.650000e+01;-7.070912e-01;-7.081558e-01;1.505632e-03
1.670000e+01;-6.920639e-01;-6.892093e-01;4.124709e-03
1.690000e+01;-6.494461e-01;-6.426935e-01;1.039757e-02
1.700000e+01;-6.182804e-01;-6.096367e-01;1.398018e-02
1.720000e+01;-5.377891e-01;-5.255785e-01;2.270524e-02
1.740000e+01;-4.358579e-01;-4.204929e-01;3.525228e-02
1.760000e+01;-3.165504e-01;-2.985823e-01;5.676198e-02
1.780000e+01;-1.846230e-01;-1.647224e-01;1.077904e-01
1.800000e+01;-4.533527e-02;-2.426685e-02;4.647246e-01
1.820000e+01;9.575982e-02;1.171664e-01;2.235443e-01
1.840000e+01;2.330373e-01;2.539200e-01;8.961126e-02
1.860000e+01;3.610243e-01;3.805237e-01;5.401150e-02
1.880000e+01;4.746184e-01;4.919128e-01;3.643863e-02
1.900000e+01;5.692909e-01;5.836309e-01;2.518925e-02
1.920000e+01;6.412676e-01;6.520084e-01;1.674927e-02
1.940000e+01;6.876790e-01;6.943090e-01;9.641007e-03
1.960000e+01;7.066749e-01;7.088393e-01;3.062823e-03
1.980000e+01;6.974978e-01;6.950167e-01;3.557039e-03
0.000000e+00;5.000000e-01;5.000000e-01;0.000000e+00
2.000000e-01;5.893680e-01;5.893633e-01;7.864143e-06
4.000000e-01;6.552397e-01;6.552291e-01;1.607078e-05
7.000000e-01;7.045299e-01;7.045096e-01;2.886964e-05
9.000000e-01;7.024684e-01;7.024419e-01;3.771936e-05
1.100000e+00;6.724017e-01;6.723702e-01;4.687141e-05
1.200000e+00;6.471984e-01;6.471650e-01;5.159058e-05
1.400000e+00;5.777084e-01;5.776729e-01;6.142704e-05
1.600000e+00;4.851870e-01;4.851521e-01;7.208975e-05
1.800000e+00;3.733228e-01;3.732913e-01;8.438693e-05
2.000000e+00;2.465753e-01;2.465504e-01;1.009478e-04
2.200000e+00;1.099976e-01;1.099825e-01;1.378655e-04
2.400000e+00;-3.096527e-02;-3.096783e-02;8.261185e-05
2.600000e+00;-1.706937e-01;-1.706812e-01;7.317163e-05
2.800000e+00;-3.036171e-01;-3.035877e-01;9.666608e-05
3.000000e+00;-4.244362e-01;-4.243890e-01;1.112687e-04
3.200000e+00;-5.283345e-01;-5.282693e-01;1.234050e-04
3.400000e+00;-6.111696e-01;-6.110874e-01;1.345992e-04
3.600000e+00;-6.696394e-01;-6.695420e-01;1.454250e-04
3.800000e+00;-7.014128e-01;-7.013033e-01;1.561788e-04
4.000000e+00;-7.052231e-01;-7.051052e-01;1.670720e-04
4.200000e+00;-6.809183e-01;-6.807969e-01;1.783170e-04
4.500000e+00;-5.941630e-01;-5.940462e-01;1.965235e-04
4.700000e+00;-5.061560e-01;-5.060495e-01;2.104245e-04
4.900000e+00;-3.979701e-01;-3.978796e-01;2.274212e-04
5.100000e+00;-2.739185e-01;-2.738494e-01;2.521719e-04
5.300000e+00;-1.389466e-01;-1.389037e-01;3.081040e-04
5.500000e+00;1.564724e-03;1.577312e-03;8.044813e-03
5.700000e+00;1.420136e-01;1.419932e-01;1.441371e-04
5.900000e+00;2.768009e-01;2.767458e-01;1.988207e-04
6.100000e+00;4.005530e-01;4.004633e-01;2.237507e-04
6.300000e+00;5.083363e-01;5.082136e-01;2.413161e-04
6.500000e+00;5.958538e-01;5.957012e-01;2.560712e-04
6.700000e+00;6.596165e-01;6.594387e-01;2.695855e-04
6.900000e+00;6.970824e-01;6.968854e-01;2.825933e-04
7.100000e+00;7.067579e-01;7.065490e-01;2.955479e-04
7.300000e+00;6.882571e-01;6.880445e-01;3.088337e-04
7.500000e+00;6.423176e-01;6.421102e-01;3.229026e-04
7.700000e+00;5.707710e-01;5.705779e-01;3.384559e-04
7.900000e+00;4.764696e-01;4.762996e-01;3.568494e-04
8.100000e+00;3.631728e-01;3.630343e-01;3.813578e-04
8.300000e+00;2.353975e-01;2.352980e-01;4.228702e-04
8.500000e+00;9.823760e-02;9.818312e-02;5.545784e-04
8.700000e+00;-4.283871e-02;-4.284367e-02;1.158349e-04
8.900000e+00;-1.822072e-01;-1.821601e-01;2.584618e-04
9.100000e+00;-3.143116e-01;-3.142120e-01;3.168003e-04
9.300000e+00;-4.338855e-01;-4.337352e-01;3.463066e-04
9.500000e+00;-5.361616e-01;-5.359647e-01;3.672531e-04
9.700000e+00;-6.170628e-01;-6.168254e-01;3.846758e-04
9.900000e+00;-6.733635e-01;-6.730939e-01;4.004824e-04
1.010000e+01;-7.028194e-01;-7.025273e-01;4.156265e-04
1.030000e+01;-7.042561e-01;-7.039528e-01;4.307343e-04
1.050000e+01;-6.776163e-01;-6.773139e-01;4.463698e-04
1.070000e+01;-6.239621e-01;-6.236731e-01;4.632361e-04
1.090000e+01;-5.454326e-01;-5.451694e-01;4.824802e-04
1.110000e+01;-4.451583e-01;-4.449328e-01;5.064433e-04
1.130000e+01;-3.271370e-01;-3.269599e-01;5.412165e-04
1.150000e+01;-1.960737e-01;-1.959541e-01;6.100590e-04
1.170000e+01;-5.719362e-02;-5.713840e-02;9.655489e-04
1.190000e+01;8.396659e-02;8.395291e-02;1.629374e-04
1.210000e+01;2.217793e-01;2.216949e-01;3.804615e-04
1.230000e+01;3.507504e-01;3.505964e-01;4.390162e-04
1.250000e+01;4.657382e-01;4.655186e-01;4.714466e-04
1.270000e+01;5.621585e-01;5.618802e-01;4.950218e-04
1.290000e+01;6.361672e-01;6.358398e-01;5.147387e-04
1.310000e+01;6.848140e-01;6.844493e-01;5.326563e-04
1.330000e+01;7.061595e-01;7.057712e-01;5.498771e-04
1.350000e+01;6.993525e-01;6.989559e-01;5.671792e-04
1.370000e+01;6.646646e-01;6.642756e-01;5.853212e-04
1.390000e+01;6.034787e-01;6.031134e-01;6.053177e-04
1.410000e+01;5.182339e-01;5.179080e-01;6.289266e-04
1.430000e+01;4.123288e-01;4.120566e-01;6.599641e-04
1.450000e+01;2.899854e-01;2.897797e-01;7.092734e-04
1.470000e+01;1.560812e-01;1.559522e-01;8.264000e-04
1.490000e+01;1.595458e-02;1.590967e-02;2.815272e-03
1.510000e+01;-1.248081e-01;-1.247648e-01;3.466965e-04
1.530000e+01;-2.605951e-01;-2.604630e-01;5.067668e-04
1.550000e+01;-3.859930e-01;-3.857752e-01;5.643193e-04
1.570000e+01;-4.960026e-01;-4.957056e-01;5.987018e-04
1.590000e+01;-5.862381e-01;-5.858720e-01;6.243988e-04
1.610000e+01;-6.531021e-01;-6.526801e-01;6.461481e-04
1.630000e+01;-6.939290e-01;-6.934668e-01;6.660589e-04
1.650000e+01;-7.070912e-01;-7.066066e-01;6.853424e-04
1.670000e+01;-6.920639e-01;-6.915760e-01;7.049254e-04
1.690000e+01;-6.494461e-01;-6.489748e-01;7.257914e-04
1.700000e+01;-6.182804e-01;-6.178247e-01;7.371155e-04
1.720000e+01;-5.377891e-01;-5.373789e-01;7.628799e-04
1.740000e+01;-4.358579e-01;-4.355108e-01;7.962798e-04
1.760000e+01;-3.165504e-01;-3.162821e-01;8.475860e-04
1.780000e+01;-1.846230e-01;-1.844461e-01;9.578684e-04
1.800000e+01;-4.533527e-02;-4.525914e-02;1.679332e-03
1.820000e+01;9.575982e-02;9.572990e-02;3.125402e-04
1.840000e+01;2.330373e-01;2.329001e-01;5.884596e-04
1.860000e+01;3.610243e-01;3.607831e-01;6.679142e-04
1.880000e+01;4.746184e-01;4.742807e-01;7.113516e-04
1.900000e+01;5.692909e-01;5.688684e-01;7.421544e-04
1.920000e+01;6.412676e-01;6.407756e-01;7.673435e-04
1.940000e+01;6.876790e-01;6.871359e-01;7.898711e-04
1.960000e+01;7.066749e-01;7.061015e-01;8.113388e-04
1.980000e+01;6.974978e-01;6.969168e-01;8.328886e-04
0.000000e+00;5.000000e-01;5.000000e-01;0.000000e+00
2.000000e-01;5.893680e-01;5.893679e-01;1.239624e-07
4.000000e-01;6.552397e-01;6.552396e-01;1.624890e-07
7.000000e-01;7.045299e-01;7.045299e-01;9.830933e-08
9.000000e-01;7.024684e-01;7.024685e-01;2.359937e-08
1.100000e+00;6.724017e-01;6.724019e-01;2.209332e-07
1.200000e+00;6.471984e-01;6.471987e-01;3.553128e-07
1.400000e+00;5.777084e-01;5.777089e-01;7.233823e-07
1.600000e+00;4.851870e-01;4.851877e-01;1.297558e-06
1.800000e+00;3.733228e-01;3.733236e-01;2.279434e-06
2.000000e+00;2.465753e-01;2.465764e-01;4.324806e-06
2.200000e+00;1.099976e-01;1.099989e-01;1.144775e-05
2.400000e+00;-3.096527e-02;-3.096385e-02;4.563075e-05
2.600000e+00;-1.706937e-01;-1.706922e-01;8.859325e-06
2.800000e+00;-3.036171e-01;-3.036156e-01;5.084444e-06
3.000000e+00;-4.244362e-01;-4.244347e-01;3.527406e-06
3.200000e+00;-5.283345e-01;-5.283331e-01;2.585516e-06
3.400000e+00;-6.111696e-01;-6.111685e-01;1.878601e-06
3.600000e+00;-6.696394e-01;-6.696386e-01;1.263558e-06
3.800000e+00;-7.014128e-01;-7.014123e-01;6.664342e-07
4.000000e+00;-7.052231e-01;-7.052230e-01;3.450897e-08
4.200000e+00;-6.809183e-01;-6.809188e-01;6.851957e-07
4.500000e+00;-5.941630e-01;-5.941642e-01;2.098831e-06
4.700000e+00;-5.061560e-01;-5.061577e-01;3.481176e-06
4.900000e+00;-3.979701e-01;-3.979724e-01;5.635758e-06
5.100000e+00;-2.739185e-01;-2.739211e-01;9.724702e-06
5.300000e+00;-1.389466e-01;-1.389496e-01;2.159218e-05
5.500000e+00;1.564724e-03;1.561494e-03;2.064214e-03
5.700000e+00;1.420136e-01;1.420103e-01;2.348170e-05
5.900000e+00;2.768009e-01;2.767976e-01;1.192561e-05
6.100000e+00;4.005530e-01;4.005498e-01;7.791817e-06
6.300000e+00;5.083363e-01;5.083335e-01;5.495196e-06
6.500000e+00;5.958538e-01;5.958515e-01;3.899582e-06
6.700000e+00;6.596165e-01;6.596148e-01;2.613489e-06
6.900000e+00;6.970824e-01;6.970814e-01;1.453734e-06
7.100000e+00;7.067579e-01;7.067576e-01;3.071779e-07
7.300000e+00;6.882571e-01;6.882577e-01;9.220189e-07
7.500000e+00;6.423176e-01;6.423192e-01;2.346632e-06
7.700000e+00;5.707710e-01;5.707734e-01;4.141598e-06
7.900000e+00;4.764696e-01;4.764728e-01;6.645224e-06
8.100000e+00;3.631728e-01;3.631767e-01;1.067449e-05
8.300000e+00;2.353975e-01;2.354020e-01;1.894615e-05
8.500000e+00;9.823760e-02;9.824249e-02;4.972105e-05
8.700000e+00;-4.283871e-02;-4.283358e-02;1.196276e-04
8.900000e+00;-1.822072e-01;-1.822020e-01;2.832854e-05
9.100000e+00;-3.143116e-01;-3.143066e-01;1.585879e-05
9.300000e+00;-4.338855e-01;-4.338809e-01;1.058244e-05
9.500000e+00;-5.361616e-01;-5.361576e-01;7.441656e-06
9.700000e+00;-6.170628e-01;-6.170596e-01;5.180006e-06
9.900000e+00;-6.733635e-01;-6.733613e-01;3.321539e-06
1.010000e+01;-7.028194e-01;-7.028183e-01;1.628309e-06
1.030000e+01;-7.042561e-01;-7.042562e-01;5.588879e-08
1.050000e+01;-6.776163e-01;-6.776176e-01;1.871825e-06
1.070000e+01;-6.239621e-01;-6.239646e-01;3.994890e-06
1.090000e+01;-5.454326e-01;-5.454362e-01;6.711322e-06
1.110000e+01;-4.451583e-01;-4.451630e-01;1.060527e-05
1.130000e+01;-3.271370e-01;-3.271426e-01;1.719666e-05
1.150000e+01;-1.960737e-01;-1.960800e-01;3.228922e-05
1.170000e+01;-5.719362e-02;-5.720042e-02;1.189076e-04
1.190000e+01;8.396659e-02;8.395958e-02;8.344961e-05
1.210000e+01;2.217793e-01;2.217724e-01;3.125713e-05
1.230000e+01;3.507504e-01;3.507438e-01;1.873154e-05
1.250000e+01;4.657382e-01;4.657323e-01;1.272456e-05
1.270000e+01;5.621585e-01;5.621534e-01;8.927143e-06
1.290000e+01;6.361672e-01;6.361634e-01;6.092462e-06
1.310000e+01;6.848140e-01;6.848115e-01;3.706679e-06
1.330000e+01;7.061595e-01;7.061584e-01;1.494751e-06
1.350000e+01;6.993525e-01;6.993531e-01;7.375354e-07
1.370000e+01;6.646646e-01;6.646668e-01;3.179479e-06
1.390000e+01;6.034787e-01;6.034823e-01;6.084252e-06
1.410000e+01;5.182339e-01;5.182390e-01;9.890550e-06
1.430000e+01;4.123288e-01;4.123352e-01;1.555076e-05
1.450000e+01;2.899854e-01;2.899929e-01;2.577089e-05
1.470000e+01;1.560812e-01;1.560895e-01;5.291538e-05
1.490000e+01;1.595458e-02;1.596331e-02;5.471686e-04
1.510000e+01;-1.248081e-01;-1.247993e-01;7.096908e-05
1.530000e+01;-2.605951e-01;-2.605865e-01;3.310755e-05
1.550000e+01;-3.859930e-01;-3.859850e-01;2.083013e-05
1.570000e+01;-4.960026e-01;-4.959954e-01;1.433492e-05
1.590000e+01;-5.862381e-01;-5.862322e-01;1.000723e-05
1.610000e+01;-6.531021e-01;-6.530978e-01;6.664648e-06
1.630000e+01;-6.939290e-01;-6.939264e-01;3.780848e-06
1.650000e+01;-7.070912e-01;-7.070905e-01;1.053538e-06
1.670000e+01;-6.920639e-01;-6.920651e-01;1.748578e-06
1.690000e+01;-6.494461e-01;-6.494493e-01;4.870960e-06
1.700000e+01;-6.182804e-01;-6.182845e-01;6.654598e-06
1.720000e+01;-5.377891e-01;-5.377950e-01;1.099964e-05
1.740000e+01;-4.358579e-01;-4.358654e-01;1.725046e-05
1.760000e+01;-3.165504e-01;-3.165592e-01;2.797056e-05
1.780000e+01;-1.846230e-01;-1.846328e-01;5.341061e-05
1.800000e+01;-4.533527e-02;-4.534576e-02;2.313957e-04
1.820000e+01;9.575982e-02;9.574912e-02;1.118278e-04
1.840000e+01;2.330373e-01;2.330268e-01;4.504624e-05
1.860000e+01;3.610243e-01;3.610144e-01;2.730039e-05
1.880000e+01;4.746184e-01;4.746096e-01;1.854406e-05
1.900000e+01;5.692909e-01;5.692835e-01;1.294116e-05
1.920000e+01;6.412676e-01;6.412620e-01;8.739343e-06
1.940000e+01;6.876790e-01;6.876755e-01;5.201748e-06
1.960000e+01;7.066749e-01;7.066735e-01;1.928651e-06
1.980000e+01;6.974978e-01;6.974987e-01;1.365029e-06
