0.000000e+00;0.000000e+00;0.000000e+00;nan
2.000000e-01;1.986693e-01;1.986891e-01;9.967604e-05
4.000000e-01;3.894183e-01;3.894961e-01;1.997045e-04
6.000000e-01;5.646425e-01;5.648117e-01;2.997524e-04
8.000000e-01;7.173561e-01;7.176429e-01;3.998207e-04
1.000000e+00;8.414710e-01;8.418916e-01;4.999106e-04
1.201000e+00;9.324010e-01;9.329609e-01;6.005248e-04
1.401000e+00;9.856192e-01;9.863098e-01;7.006649e-04
1.601000e+00;9.995439e-01;1.000344e+00;8.008362e-04
1.801000e+00;9.736199e-01;9.744972e-01;9.010459e-04
2.001000e+00;9.088808e-01;9.097909e-01;1.001307e-03
2.201000e+00;8.079075e-01;8.087975e-01;1.101641e-03
2.401000e+00;6.747254e-01;6.755365e-01;1.202097e-03
2.601000e+00;5.146442e-01;5.153147e-01;1.302792e-03
2.801000e+00;3.340458e-01;3.345148e-01;1.404119e-03
3.001000e+00;1.401299e-01;1.403414e-01;1.508704e-03
3.201000e+00;-5.937241e-02;-5.946644e-02;1.583812e-03
3.401000e+00;-2.565078e-01;-2.569432e-01;1.697667e-03
3.601000e+00;-4.434170e-01;-4.442150e-01;1.799690e-03
3.801000e+00;-6.126486e-01;-6.138130e-01;1.900669e-03
4.001000e+00;-7.574558e-01;-7.589717e-01;2.001349e-03
4.201000e+00;-8.720656e-01;-8.738986e-01;2.101919e-03
4.401000e+00;-9.519089e-01;-9.540055e-01;2.202449e-03
4.601000e+00;-9.938027e-01;-9.960914e-01;2.302975e-03
4.801000e+00;-9.960766e-01;-9.984707e-01;2.403525e-03
5.000000e+00;-9.589243e-01;-9.613251e-01;2.503621e-03
5.200000e+00;-8.834547e-01;-8.857554e-01;2.604303e-03
5.400000e+00;-7.727645e-01;-7.748549e-01;2.705129e-03
5.600000e+00;-6.312666e-01;-6.330381e-01;2.806222e-03
5.800000e+00;-4.646022e-01;-4.659532e-01;2.907903e-03
6.000000e+00;-2.794155e-01;-2.802569e-01;3.011396e-03
6.200000e+00;-8.308940e-02;-8.334945e-02;3.129672e-03
6.400000e+00;1.165492e-01;1.169206e-01;3.186886e-03
6.600000e+00;3.115414e-01;3.125691e-01;3.298717e-03
6.800000e+00;4.941134e-01;4.957942e-01;3.401783e-03
7.000000e+00;6.569866e-01;6.592883e-01;3.503443e-03
7.200000e+00;7.936679e-01;7.965288e-01;3.604640e-03
7.400000e+00;8.987081e-01;9.020384e-01;3.705643e-03
7.600000e+00;9.679197e-01;9.716041e-01;3.806567e-03
7.800000e+00;9.985433e-01;1.002445e+00;3.907472e-03
8.000000e+00;9.893582e-01;9.933240e-01;4.008402e-03
8.200000e+00;9.407306e-01;9.445964e-01;4.109404e-03
8.400000e+00;8.545989e-01;8.581972e-01;4.210539e-03
8.600000e+00;7.343971e-01;7.375638e-01;4.311917e-03
8.800000e+00;5.849172e-01;5.874989e-01;4.413778e-03
9.000000e+00;4.121185e-01;4.139799e-01;4.516800e-03
9.200000e+00;2.228899e-01;2.239206e-01;4.624068e-03
9.400000e+00;2.477543e-02;2.489529e-02;4.838086e-03
9.600000e+00;-1.743268e-01;-1.751624e-01;4.793374e-03
9.800000e+00;-3.664791e-01;-3.682762e-01;4.903688e-03
1.000100e+01;-5.448599e-01;-5.475885e-01;5.007865e-03
1.020100e+01;-7.005886e-01;-7.041686e-01;5.110046e-03
1.040100e+01;-8.283870e-01;-8.327043e-01;5.211687e-03
1.060100e+01;-9.231603e-01;-9.280651e-01;5.313091e-03
1.080100e+01;-9.811301e-01;-9.864423e-01;5.414393e-03
1.100100e+01;-9.999853e-01;-1.005501e+00;5.515673e-03
1.120100e+01;-9.789742e-01;-9.844731e-01;5.616992e-03
1.140100e+01;-9.189346e-01;-9.241894e-01;5.718416e-03
1.160100e+01;-8.222599e-01;-8.270455e-01;5.820045e-03
1.180100e+01;-6.928043e-01;-6.969071e-01;5.922058e-03
1.200100e+01;-5.357288e-01;-5.389565e-01;6.024879e-03
1.220100e+01;-3.572955e-01;-3.594856e-01;6.129839e-03
1.240100e+01;-1.646179e-01;-1.656459e-01;6.244682e-03
1.260100e+01;3.462246e-02;3.483707e-02;6.198375e-03
1.280100e+01;2.324825e-01;2.339711e-01;6.403058e-03
1.300100e+01;4.210743e-01;4.238164e-01;6.512275e-03
1.320100e+01;5.928791e-01;5.968018e-01;6.616312e-03
1.340100e+01;7.410477e-01;7.460268e-01;6.718921e-03
1.360100e+01;8.596731e-01;8.655369e-01;6.820960e-03
1.380100e+01;9.440260e-01;9.505613e-01;6.922741e-03
1.400100e+01;9.907436e-01;9.977030e-01;7.024413e-03
1.420100e+01;9.979634e-01;1.005075e+00;7.126069e-03
1.440100e+01;9.653975e-01;9.723752e-01;7.227788e-03
1.460100e+01;8.943442e-01;9.008995e-01;7.329662e-03
1.480100e+01;7.876363e-01;7.934899e-01;7.431836e-03
1.500100e+01;6.495278e-01;6.544218e-01;7.534593e-03
1.520100e+01;4.855247e-01;4.892335e-01;7.638646e-03
1.540100e+01;3.021653e-01;3.045060e-01;7.746542e-03
1.560100e+01;1.067594e-01;1.076007e-01;7.879811e-03
1.580100e+01;-9.290257e-02;-9.363417e-02;7.874891e-03
1.600100e+01;-2.888608e-01;-2.911760e-01;8.014766e-03
1.620100e+01;-4.733031e-01;-4.771479e-01;8.123261e-03
1.640100e+01;-6.388763e-01;-6.441327e-01;8.227575e-03
1.660100e+01;-7.789795e-01;-7.854688e-01;8.330549e-03
1.680100e+01;-8.880273e-01;-8.955160e-01;8.432955e-03
1.700100e+01;-9.616722e-01;-9.698801e-01;8.535098e-03
1.720100e+01;-9.969782e-01;-1.005589e+00;8.637136e-03
1.740100e+01;-9.925379e-01;-1.001212e+00;8.739174e-03
1.760100e+01;-9.485283e-01;-9.569145e-01;8.841310e-03
1.780100e+01;-8.667038e-01;-8.744553e-01;8.943668e-03
1.800100e+01;-7.503266e-01;-7.571144e-01;9.046456e-03
1.820100e+01;-6.040362e-01;-6.095632e-01;9.150109e-03
1.840100e+01;-4.336648e-01;-4.376787e-01;9.255812e-03
1.860100e+01;-2.460045e-01;-2.483092e-01;9.368537e-03
1.880000e+01;-4.953564e-02;-5.000979e-02;9.571860e-03
1.900000e+01;1.498772e-01;1.513015e-01;9.503085e-03
1.920000e+01;3.433149e-01;3.466206e-01;9.628545e-03
1.940000e+01;5.230658e-01;5.281586e-01;9.736553e-03
1.960000e+01;6.819636e-01;6.886749e-01;9.841096e-03
1.980000e+01;8.136737e-01;8.217652e-01;9.944400e-03
0.000000e+00;0.000000e+00;0.000000e+00;nan
2.000000e-01;1.986693e-01;1.986694e-01;1.644634e-07
4.000000e-01;3.894183e-01;3.894184e-01;1.577314e-07
6.000000e-01;5.646425e-01;5.646426e-01;1.462445e-07
8.000000e-01;7.173561e-01;7.173562e-01;1.295952e-07
1.000000e+00;8.414710e-01;8.414711e-01;1.071404e-07
1.201000e+00;9.324010e-01;9.324011e-01;7.774047e-08
1.401000e+00;9.856192e-01;9.856192e-01;4.020800e-08
1.601000e+00;9.995439e-01;9.995439e-01;7.861709e-09
1.801000e+00;9.736199e-01;9.736199e-01;7.012144e-08
2.001000e+00;9.088808e-01;9.088807e-01;1.527823e-07
2.201000e+00;8.079075e-01;8.079073e-01;2.673030e-07
2.401000e+00;6.747254e-01;6.747252e-01;4.374344e-07
2.601000e+00;5.146442e-01;5.146439e-01;7.218916e-07
2.801000e+00;3.340458e-01;3.340453e-01;1.316886e-06
3.001000e+00;1.401299e-01;1.401294e-01;3.533714e-06
3.201000e+00;-5.937241e-02;-5.937294e-02;8.970205e-06
3.401000e+00;-2.565078e-01;-2.565083e-01;2.136299e-06
3.601000e+00;-4.434170e-01;-4.434175e-01;1.213617e-06
3.801000e+00;-6.126486e-01;-6.126491e-01;8.177302e-07
4.001000e+00;-7.574558e-01;-7.574562e-01;5.752748e-07
4.201000e+00;-8.720656e-01;-8.720659e-01;3.934470e-07
4.401000e+00;-9.519089e-01;-9.519092e-01;2.366339e-07
4.601000e+00;-9.938027e-01;-9.938027e-01;8.634664e-08
4.801000e+00;-9.960766e-01;-9.960765e-01;7.048992e-08
5.000000e+00;-9.589243e-01;-9.589240e-01;2.458860e-07
5.200000e+00;-8.834547e-01;-8.834543e-01;4.589638e-07
5.400000e+00;-7.727645e-01;-7.727639e-01;7.385200e-07
5.600000e+00;-6.312666e-01;-6.312659e-01;1.145981e-06
5.800000e+00;-4.646022e-01;-4.646013e-01;1.841716e-06
6.000000e+00;-2.794155e-01;-2.794145e-01;3.435601e-06
6.200000e+00;-8.308940e-02;-8.308837e-02;1.239262e-05
6.400000e+00;1.165492e-01;1.165503e-01;9.090492e-06
6.600000e+00;3.115414e-01;3.115424e-01;3.355933e-06
6.800000e+00;4.941134e-01;4.941143e-01;1.994959e-06
7.000000e+00;6.569866e-01;6.569875e-01;1.339641e-06
7.200000e+00;7.936679e-01;7.936686e-01;9.207058e-07
7.400000e+00;8.987081e-01;8.987086e-01;6.027598e-07
7.600000e+00;9.679197e-01;9.679200e-01;3.297597e-07
7.800000e+00;9.985433e-01;9.985434e-01;7.121845e-08
8.000000e+00;9.893582e-01;9.893581e-01;1.950874e-07
8.200000e+00;9.407306e-01;9.407301e-01;4.916900e-07
8.400000e+00;8.545989e-01;8.545982e-01;8.496465e-07
8.600000e+00;7.343971e-01;7.343961e-01;1.323593e-06
8.800000e+00;5.849172e-01;5.849160e-01;2.032697e-06
9.000000e+00;4.121185e-01;4.121171e-01;3.315142e-06
9.200000e+00;2.228899e-01;2.228884e-01;6.705119e-06
9.400000e+00;2.477543e-02;2.477386e-02;6.321409e-05
9.600000e+00;-1.743268e-01;-1.743284e-01;9.038823e-06
9.800000e+00;-3.664791e-01;-3.664806e-01;4.147969e-06
1.000100e+01;-5.448599e-01;-5.448613e-01;2.566467e-06
1.020100e+01;-7.005886e-01;-7.005898e-01;1.732932e-06
1.040100e+01;-8.283870e-01;-8.283880e-01;1.173493e-06
1.060100e+01;-9.231603e-01;-9.231610e-01;7.370545e-07
1.080100e+01;-9.811301e-01;-9.811304e-01;3.561029e-07
1.100100e+01;-9.999853e-01;-9.999853e-01;8.574692e-09
1.120100e+01;-9.789742e-01;-9.789739e-01;3.875843e-07
1.140100e+01;-9.189346e-01;-9.189338e-01;8.141351e-07
1.160100e+01;-8.222599e-01;-8.222588e-01;1.336789e-06
1.180100e+01;-6.928043e-01;-6.928029e-01;2.045763e-06
1.200100e+01;-5.357288e-01;-5.357271e-01;3.151070e-06
1.220100e+01;-3.572955e-01;-3.572936e-01;5.314168e-06
1.240100e+01;-1.646179e-01;-1.646159e-01;1.238251e-05
1.260100e+01;3.462246e-02;3.462456e-02;6.062431e-05
1.280100e+01;2.324825e-01;2.324846e-01;8.927190e-06
1.300100e+01;4.210743e-01;4.210762e-01;4.669150e-06
1.320100e+01;5.928791e-01;5.928809e-01;2.990076e-06
1.340100e+01;7.410477e-01;7.410492e-01;2.025415e-06
1.360100e+01;8.596731e-01;8.596742e-01;1.348722e-06
1.380100e+01;9.440260e-01;9.440268e-01;8.054703e-07
1.400100e+01;9.907436e-01;9.907439e-01;3.214717e-07
1.420100e+01;9.979634e-01;9.979632e-01;1.495155e-07
1.440100e+01;9.653975e-01;9.653969e-01;6.465604e-07
1.460100e+01;8.943442e-01;8.943432e-01;1.215493e-06
1.480100e+01;7.876363e-01;7.876348e-01;1.927872e-06
1.500100e+01;6.495278e-01;6.495259e-01;2.924828e-06
1.520100e+01;4.855247e-01;4.855225e-01;4.559860e-06
1.540100e+01;3.021653e-01;3.021628e-01;8.095801e-06
1.560100e+01;1.067594e-01;1.067568e-01;2.421427e-05
1.580100e+01;-9.290257e-02;-9.290519e-02;2.822631e-05
1.600100e+01;-2.888608e-01;-2.888634e-01;8.840688e-06
1.620100e+01;-4.733031e-01;-4.733055e-01;5.027507e-06
1.640100e+01;-6.388763e-01;-6.388784e-01;3.293621e-06
1.660100e+01;-7.789795e-01;-7.789813e-01;2.229270e-06
1.680100e+01;-8.880273e-01;-8.880286e-01;1.451930e-06
1.700100e+01;-9.616722e-01;-9.616730e-01;8.100380e-07
1.720100e+01;-9.969782e-01;-9.969785e-01;2.255203e-07
1.740100e+01;-9.925379e-01;-9.925376e-01;3.541232e-07
1.760100e+01;-9.485283e-01;-9.485274e-01;9.772346e-07
1.780100e+01;-8.667038e-01;-8.667023e-01;1.705312e-06
1.800100e+01;-7.503266e-01;-7.503246e-01;2.641020e-06
1.820100e+01;-6.040362e-01;-6.040338e-01;4.000087e-06
1.840100e+01;-4.336648e-01;-4.336620e-01;6.370010e-06
1.860100e+01;-2.460045e-01;-2.460015e-01;1.221247e-05
1.880000e+01;-4.953564e-02;-4.953251e-02;6.317410e-05
1.900000e+01;1.498772e-01;1.498803e-01;2.089212e-05
1.920000e+01;3.433149e-01;3.433179e-01;8.756759e-06
1.940000e+01;5.230658e-01;5.230685e-01;5.270866e-06
1.960000e+01;6.819636e-01;6.819660e-01;3.505847e-06
1.980000e+01;8.136737e-01;8.136757e-01;2.360123e-06
0.000000e+00;0.000000e+00;0.000000e+00;nan
2.000000e-01;1.986693e-01;1.986693e-01;8.302531e-12
4.000000e-01;3.894183e-01;3.894183e-01;1.663674e-11
6.000000e-01;5.646425e-01;5.646425e-01;2.497165e-11
8.000000e-01;7.173561e-01;7.173561e-01;3.330904e-11
1.000000e+00;8.414710e-01;8.414710e-01;4.164582e-11
1.201000e+00;9.324010e-01;9.324010e-01;5.001881e-11
1.401000e+00;9.856192e-01;9.856192e-01;5.836037e-11
1.601000e+00;9.995439e-01;9.995439e-01;6.671375e-11
1.801000e+00;9.736199e-01;9.736199e-01;7.507912e-11
2.001000e+00;9.088808e-01;9.088808e-01;8.345965e-11
2.201000e+00;8.079075e-01;8.079075e-01;9.186100e-11
2.401000e+00;6.747254e-01;6.747254e-01;1.002982e-10
2.601000e+00;5.146442e-01;5.146442e-01;1.088132e-10
2.801000e+00;3.340458e-01;3.340458e-01;1.175296e-10
3.001000e+00;1.401299e-01;1.401299e-01;1.272970e-10
3.201000e+00;-5.937241e-02;-5.937241e-02;1.275369e-10
3.401000e+00;-2.565078e-01;-2.565078e-01;1.402942e-10
3.601000e+00;-4.434170e-01;-4.434170e-01;1.492276e-10
3.801000e+00;-6.126486e-01;-6.126486e-01;1.578204e-10
4.001000e+00;-7.574558e-01;-7.574558e-01;1.663161e-10
4.201000e+00;-8.720656e-01;-8.720656e-01;1.748219e-10
4.401000e+00;-9.519089e-01;-9.519089e-01;1.832695e-10
4.601000e+00;-9.938027e-01;-9.938027e-01;1.916816e-10
4.801000e+00;-9.960766e-01;-9.960766e-01;2.000655e-10
5.000000e+00;-9.589243e-01;-9.589243e-01;2.083860e-10
5.200000e+00;-8.834547e-01;-8.834547e-01;2.167249e-10
5.400000e+00;-7.727645e-01;-7.727645e-01;2.250405e-10
5.600000e+00;-6.312666e-01;-6.312666e-01;2.333190e-10
5.800000e+00;-4.646022e-01;-4.646022e-01;2.415267e-10
6.000000e+00;-2.794155e-01;-2.794155e-01;2.495362e-10
6.200000e+00;-8.308940e-02;-8.308940e-02;2.559709e-10
6.400000e+00;1.165492e-01;1.165492e-01;2.688731e-10
6.600000e+00;3.115414e-01;3.115414e-01;2.759785e-10
6.800000e+00;4.941134e-01;4.941134e-01;2.840071e-10
7.000000e+00;6.569866e-01;6.569866e-01;2.921788e-10
7.200000e+00;7.936679e-01;7.936679e-01;3.003920e-10
7.400000e+00;8.987081e-01;8.987081e-01;3.086167e-10
7.600000e+00;9.679197e-01;9.679197e-01;3.168397e-10
7.800000e+00;9.985433e-01;9.985433e-01;3.250471e-10
8.000000e+00;9.893582e-01;9.893582e-01;3.332349e-10
8.200000e+00;9.407306e-01;9.407306e-01;3.414535e-10
8.400000e+00;8.545989e-01;8.545989e-01;3.497050e-10
8.600000e+00;7.343971e-01;7.343971e-01;3.579885e-10
8.800000e+00;5.849172e-01;5.849172e-01;3.663076e-10
9.000000e+00;4.121185e-01;4.121185e-01;3.746813e-10
9.200000e+00;2.228899e-01;2.228899e-01;3.832050e-10
9.400000e+00;2.477543e-02;2.477543e-02;3.951154e-10
9.600000e+00;-1.743268e-01;-1.743268e-01;3.988683e-10
9.800000e+00;-3.664791e-01;-3.664791e-01;4.075337e-10
1.000100e+01;-5.448599e-01;-5.448599e-01;4.160472e-10
1.020100e+01;-7.005886e-01;-7.005886e-01;4.244883e-10
1.040100e+01;-8.283870e-01;-8.283870e-01;4.329338e-10
1.060100e+01;-9.231603e-01;-9.231603e-01;4.413943e-10
1.080100e+01;-9.811301e-01;-9.811301e-01;4.498783e-10
1.100100e+01;-9.999853e-01;-9.999853e-01;4.583959e-10
1.120100e+01;-9.789742e-01;-9.789742e-01;4.669622e-10
1.140100e+01;-9.189346e-01;-9.189346e-01;4.755992e-10
1.160100e+01;-8.222599e-01;-8.222599e-01;4.843448e-10
1.180100e+01;-6.928043e-01;-6.928043e-01;4.932827e-10
1.200100e+01;-5.357288e-01;-5.357288e-01;5.026000e-10
1.220100e+01;-3.572955e-01;-3.572955e-01;5.129129e-10
1.240100e+01;-1.646179e-01;-1.646179e-01;5.277896e-10
1.260100e+01;3.462246e-02;3.462246e-02;4.683594e-10
1.280100e+01;2.324825e-01;2.324825e-01;5.246827e-10
1.300100e+01;4.210743e-01;4.210743e-01;5.369873e-10
1.320100e+01;5.928791e-01;5.928791e-01;5.469130e-10
1.340100e+01;7.410477e-01;7.410477e-01;5.561885e-10
1.360100e+01;8.596731e-01;8.596731e-01;5.652125e-10
1.380100e+01;9.440260e-01;9.440260e-01;5.741297e-10
1.400100e+01;9.907436e-01;9.907436e-01;5.830132e-10
1.420100e+01;9.979634e-01;9.979634e-01;5.919130e-10
1.440100e+01;9.653975e-01;9.653975e-01;6.008760e-10
1.460100e+01;8.943442e-01;8.943442e-01;6.099612e-10
1.480100e+01;7.876363e-01;7.876363e-01;6.192695e-10
1.500100e+01;6.495278e-01;6.495278e-01;6.290046e-10
1.520100e+01;4.855247e-01;4.855247e-01;6.396741e-10
1.540100e+01;3.021653e-01;3.021653e-01;6.531021e-10
1.560100e+01;1.067594e-01;1.067594e-01;6.847394e-10
1.580100e+01;-9.290257e-02;-9.290257e-02;6.172193e-10
1.600100e+01;-2.888608e-01;-2.888608e-01;6.536078e-10
1.620100e+01;-4.733031e-01;-4.733031e-01;6.681342e-10
1.640100e+01;-6.388763e-01;-6.388763e-01;6.791983e-10
1.660100e+01;-7.789795e-01;-7.789795e-01;6.891127e-10
1.680100e+01;-8.880273e-01;-8.880273e-01;6.985006e-10
1.700100e+01;-9.616722e-01;-9.616722e-01;7.076021e-10
1.720100e+01;-9.969782e-01;-9.969782e-01;7.165284e-10
1.740100e+01;-9.925379e-01;-9.925379e-01;7.253404e-10
1.760100e+01;-9.485283e-01;-9.485283e-01;7.340775e-10
1.780100e+01;-8.667038e-01;-8.667038e-01;7.427700e-10
1.800100e+01;-7.503266e-01;-7.503266e-01;7.514500e-10
1.820100e+01;-6.040362e-01;-6.040362e-01;7.601593e-10
1.840100e+01;-4.336648e-01;-4.336648e-01;7.690121e-10
1.860100e+01;-2.460045e-01;-2.460045e-01;7.784581e-10
1.880000e+01;-4.953564e-02;-4.953564e-02;7.959778e-10
1.900000e+01;1.498772e-01;1.498772e-01;7.891210e-10
1.920000e+01;3.433149e-01;3.433149e-01;7.996038e-10
1.940000e+01;5.230658e-01;5.230658e-01;8.084918e-10
1.960000e+01;6.819636e-01;6.819636e-01;8.170336e-10
1.980000e+01;8.136737e-01;8.136737e-01;8.254195e-10
0.000000e+00;0.000000e+00;0.000000e+00;nan
2.000000e-01;1.986693e-01;1.986693e-01;9.639811e-15
4.000000e-01;3.894183e-01;3.894183e-01;8.552933e-15
6.000000e-01;5.646425e-01;5.646425e-01;6.095346e-15
8.000000e-01;7.173561e-01;7.173561e-01;4.797745e-15
1.000000e+00;8.414710e-01;8.414710e-01;3.826212e-15
1.201000e+00;9.324010e-01;9.324010e-01;5.358214e-15
1.401000e+00;9.856192e-01;9.856192e-01;6.082678e-15
1.601000e+00;9.995439e-01;9.995439e-01;2.554678e-15
1.801000e+00;9.736199e-01;9.736199e-01;1.767472e-14
2.001000e+00;9.088808e-01;9.088808e-01;4.250916e-14
2.201000e+00;8.079075e-01;8.079075e-01;8.300142e-14
2.401000e+00;6.747254e-01;6.747254e-01;1.464445e-13
2.601000e+00;5.146442e-01;5.146442e-01;2.571458e-13
2.801000e+00;3.340458e-01;3.340458e-01;4.942142e-13
3.001000e+00;1.401299e-01;1.401299e-01;1.385303e-12
3.201000e+00;-5.937241e-02;-5.937241e-02;3.639119e-12
3.401000e+00;-2.565078e-01;-2.565078e-01;8.909649e-13
3.601000e+00;-4.434170e-01;-4.434170e-01;5.185349e-13
3.801000e+00;-6.126486e-01;-6.126486e-01;3.609842e-13
4.001000e+00;-7.574558e-01;-7.574558e-01;2.576747e-13
4.201000e+00;-8.720656e-01;-8.720656e-01;1.313835e-13
4.401000e+00;-9.519089e-01;-9.519089e-01;5.376699e-14
4.601000e+00;-9.938027e-01;-9.938027e-01;1.083632e-14
4.801000e+00;-9.960766e-01;-9.960766e-01;1.114596e-15
5.000000e+00;-9.589243e-01;-9.589243e-01;1.377758e-14
5.200000e+00;-8.834547e-01;-8.834547e-01;5.944114e-14
5.400000e+00;-7.727645e-01;-7.727645e-01;1.486974e-13
5.600000e+00;-6.312666e-01;-6.312666e-01;3.058419e-13
5.800000e+00;-4.646022e-01;-4.646022e-01;6.040961e-13
6.000000e+00;-2.794155e-01;-2.794155e-01;1.326313e-12
6.200000e+00;-8.308940e-02;-8.308940e-02;5.447434e-12
6.400000e+00;1.165492e-01;1.165492e-01;4.451163e-12
6.600000e+00;3.115414e-01;3.115414e-01;1.801423e-12
6.800000e+00;4.941134e-01;4.941134e-01;1.159850e-12
7.000000e+00;6.569866e-01;6.569866e-01;8.327687e-13
7.200000e+00;7.936679e-01;7.936679e-01;6.087799e-13
7.400000e+00;8.987081e-01;8.987081e-01;4.210088e-13
7.600000e+00;9.679197e-01;9.679197e-01;2.407595e-13
7.800000e+00;9.985433e-01;9.985433e-01;5.181186e-14
8.000000e+00;9.893582e-01;9.893582e-01;1.602451e-13
8.200000e+00;9.407306e-01;9.407306e-01;3.503928e-13
8.400000e+00;8.545989e-01;8.545989e-01;5.219848e-13
8.600000e+00;7.343971e-01;7.343971e-01;6.914733e-13
8.800000e+00;5.849172e-01;5.849172e-01;8.822303e-13
9.000000e+00;4.121185e-01;4.121185e-01;1.162166e-12
9.200000e+00;2.228899e-01;2.228899e-01;1.816211e-12
9.400000e+00;2.477543e-02;2.477543e-02;1.232581e-11
9.600000e+00;-1.743268e-01;-1.743268e-01;1.102410e-12
9.800000e+00;-3.664791e-01;-3.664791e-01;2.140293e-13
1.000100e+01;-5.448599e-01;-5.448599e-01;4.054884e-14
1.020100e+01;-7.005886e-01;-7.005886e-01;1.392952e-13
1.040100e+01;-8.283870e-01;-8.283870e-01;1.659196e-13
1.060100e+01;-9.231603e-01;-9.231603e-01;1.472023e-13
1.080100e+01;-9.811301e-01;-9.811301e-01;9.199711e-14
1.100100e+01;-9.999853e-01;-9.999853e-01;2.442527e-15
1.120100e+01;-9.789742e-01;-9.789742e-01;1.398305e-13
1.140100e+01;-9.189346e-01;-9.189346e-01;3.338155e-13
1.160100e+01;-8.222599e-01;-8.222599e-01;6.163706e-13
1.180100e+01;-6.928043e-01;-6.928043e-01;1.040026e-12
1.200100e+01;-5.357288e-01;-5.357288e-01;1.748865e-12
1.220100e+01;-3.572955e-01;-3.572955e-01;3.191349e-12
1.240100e+01;-1.646179e-01;-1.646179e-01;7.975067e-12
1.260100e+01;3.462246e-02;3.462246e-02;4.160154e-11
1.280100e+01;2.324825e-01;2.324825e-01;6.490756e-12
1.300100e+01;4.210743e-01;4.210743e-01;3.580826e-12
1.320100e+01;5.928791e-01;5.928791e-01;2.413027e-12
1.340100e+01;7.410477e-01;7.410477e-01;1.711971e-12
1.360100e+01;8.596731e-01;8.596731e-01;1.191748e-12
1.380100e+01;9.440260e-01;9.440260e-01;7.432644e-13
1.400100e+01;9.907436e-01;9.907436e-01;3.133186e-13
1.420100e+01;9.979634e-01;9.979634e-01;1.359461e-13
1.440100e+01;9.653975e-01;9.653975e-01;6.436642e-13
1.460100e+01;8.943442e-01;8.943442e-01;1.256403e-12
1.480100e+01;7.876363e-01;7.876363e-01;2.055566e-12
1.500100e+01;6.495278e-01;6.495278e-01;3.210535e-12
1.520100e+01;4.855247e-01;4.855247e-01;5.139351e-12
1.540100e+01;3.021653e-01;3.021653e-01;9.355127e-12
1.560100e+01;1.067594e-01;1.067594e-01;2.864253e-11
1.580100e+01;-9.290257e-02;-9.290257e-02;3.414842e-11
1.600100e+01;-2.888608e-01;-2.888608e-01;1.092271e-11
1.620100e+01;-4.733031e-01;-4.733031e-01;5.678801e-12
1.640100e+01;-6.388763e-01;-6.388763e-01;3.378929e-12
1.660100e+01;-7.789795e-01;-7.789795e-01;2.063872e-12
1.680100e+01;-8.880273e-01;-8.880273e-01;1.202580e-12
1.700100e+01;-9.616722e-01;-9.616722e-01;5.968617e-13
1.720100e+01;-9.969782e-01;-9.969782e-01;1.506685e-13
1.740100e+01;-9.925379e-01;-9.925379e-01;1.846759e-13
1.760100e+01;-9.485283e-01;-9.485283e-01;4.345952e-13
1.780100e+01;-8.667038e-01;-8.667038e-01;6.135854e-13
1.800100e+01;-7.503266e-01;-7.503266e-01;7.241422e-13
1.820100e+01;-6.040362e-01;-6.040362e-01;7.640597e-13
1.840100e+01;-4.336648e-01;-4.336648e-01;6.980099e-13
1.860100e+01;-2.460045e-01;-2.460045e-01;3.607030e-13
1.880000e+01;-4.953564e-02;-4.953564e-02;3.059882e-12
1.900000e+01;1.498772e-01;1.498772e-01;2.615236e-12
1.920000e+01;3.433149e-01;3.433149e-01;1.751767e-12
1.940000e+01;5.230658e-01;5.230658e-01;1.440986e-12
1.960000e+01;6.819636e-01;6.819636e-01;1.210566e-12
1.980000e+01;8.136737e-01;8.136737e-01;9.791345e-13
