0.000000e+00;5.000000e-01;5.000000e-01;0.000000e+00
2.001000e-01;5.894070e-01;5.894129e-01;1.000461e-05
4.001000e-01;6.552662e-01;6.552794e-01;2.000466e-05
6.001000e-01;6.950021e-01;6.950229e-01;3.000508e-05
8.001000e-01;7.070304e-01;7.070586e-01;4.000584e-05
1.000100e+00;6.908716e-01;6.909061e-01;5.000698e-05
1.200100e+00;6.471699e-01;6.472088e-01;6.000856e-05
1.400100e+00;5.776677e-01;5.777081e-01;7.001074e-05
1.600100e+00;4.851356e-01;4.851744e-01;8.001386e-05
1.800100e+00;3.732627e-01;3.732963e-01;9.001870e-05
2.000100e+00;2.465090e-01;2.465337e-01;1.000279e-04
2.200000e+00;1.099976e-01;1.100097e-01;1.100526e-04
2.400000e+00;-3.096527e-02;-3.096898e-02;1.198247e-04
2.600000e+00;-1.706937e-01;-1.707159e-01;1.299736e-04
2.800000e+00;-3.036171e-01;-3.036596e-01;1.399902e-04
3.000000e+00;-4.244362e-01;-4.244999e-01;1.499979e-04
3.200000e+00;-5.283345e-01;-5.284190e-01;1.600033e-04
3.400000e+00;-6.111696e-01;-6.112736e-01;1.700079e-04
3.600000e+00;-6.696394e-01;-6.697600e-01;1.800121e-04
3.800000e+00;-7.014128e-01;-7.015461e-01;1.900164e-04
4.000000e+00;-7.052231e-01;-7.053641e-01;2.000210e-04
4.200000e+00;-6.809183e-01;-6.810613e-01;2.100260e-04
4.400000e+00;-6.294675e-01;-6.296060e-01;2.200317e-04
4.600000e+00;-5.529218e-01;-5.530490e-01;2.300387e-04
4.800000e+00;-4.543328e-01;-4.544419e-01;2.400479e-04
5.000000e+00;-3.376310e-01;-3.377155e-01;2.500619e-04
5.200000e+00;-2.074690e-01;-2.075230e-01;2.600903e-04
5.400000e+00;-6.903581e-02;-6.905446e-02;2.702200e-04
5.600000e+00;7.214962e-02;7.216981e-02;2.798572e-04
5.800100e+00;2.105262e-01;2.105872e-01;2.899850e-04
6.000100e+00;3.404394e-01;3.405415e-01;3.000136e-04
6.200100e+00;4.567803e-01;4.569219e-01;3.100286e-04
6.400100e+00;5.549109e-01;5.550885e-01;3.200394e-04
6.600100e+00;6.309189e-01;6.311271e-01;3.300483e-04
6.800100e+00;6.817742e-01;6.820060e-01;3.400566e-04
7.000100e+00;7.054493e-01;7.056962e-01;3.500647e-04
7.200100e+00;7.010003e-01;7.012527e-01;3.600730e-04
7.400100e+00;6.686047e-01;6.688521e-01;3.700820e-04
7.600100e+00;6.095539e-01;6.097856e-01;3.800921e-04
7.800100e+00;5.262022e-01;5.264074e-01;3.901044e-04
8.000100e+00;4.218724e-01;4.220412e-01;4.001209e-04
8.200100e+00;3.007239e-01;3.008472e-01;4.101472e-04
8.400100e+00;1.675864e-01;1.676569e-01;4.202080e-04
8.600100e+00;2.776787e-02;2.777983e-02;4.308270e-04
8.800100e+00;-1.131577e-01;-1.132075e-01;4.399208e-04
9.000100e+00;-2.495720e-01;-2.496844e-01;4.500267e-04
9.200100e+00;-3.760367e-01;-3.762097e-01;4.600620e-04
9.400100e+00;-4.875100e-01;-4.877392e-01;4.700825e-04
9.600100e+00;-5.795478e-01;-5.798261e-01;4.800978e-04
9.800100e+00;-6.484809e-01;-6.487987e-01;4.901109e-04
1.000010e+01;-6.915611e-01;-6.919069e-01;5.001229e-04
1.020010e+01;-7.070709e-01;-7.074316e-01;5.101347e-04
1.040010e+01;-6.943920e-01;-6.947532e-01;5.201469e-04
1.060010e+01;-6.540299e-01;-6.543767e-01;5.301600e-04
1.080010e+01;-5.875937e-01;-5.879111e-01;5.401749e-04
1.100010e+01;-4.977320e-01;-4.980059e-01;5.501933e-04
1.120010e+01;-3.880273e-01;-3.882447e-01;5.602187e-04
1.140010e+01;-2.628532e-01;-2.630031e-01;5.702624e-04
1.160010e+01;-1.271999e-01;-1.272738e-01;5.803847e-04
1.180010e+01;1.352439e-02;1.353235e-02;5.881225e-04
1.200010e+01;1.537095e-01;1.538018e-01;6.000054e-04
1.220010e+01;2.877668e-01;2.879423e-01;6.100998e-04
1.240010e+01;4.103517e-01;4.106061e-01;6.201392e-04
1.260010e+01;5.165771e-01;5.169026e-01;6.301642e-04
1.280010e+01;6.022083e-01;6.025938e-01;6.401836e-04
1.300010e+01;6.638313e-01;6.642629e-01;6.502004e-04
1.320010e+01;6.989894e-01;6.994509e-01;6.602161e-04
1.340010e+01;7.062811e-01;7.067544e-01;6.702317e-04
1.360010e+01;6.854155e-01;6.858818e-01;6.802478e-04
1.380010e+01;6.372246e-01;6.376645e-01;6.902652e-04
1.400010e+01;5.636296e-01;5.640243e-01;7.002854e-04
1.420010e+01;4.675644e-01;4.678965e-01;7.103108e-04
1.440010e+01;3.528589e-01;3.531131e-01;7.203476e-04
1.460010e+01;2.240861e-01;2.242498e-01;7.304172e-04
1.480010e+01;8.637961e-02;8.644359e-02;7.406798e-04
1.500010e+01;-5.477053e-02;-5.481159e-02;7.496425e-04
1.520010e+01;-1.937372e-01;-1.938844e-01;7.601160e-04
1.540010e+01;-3.249801e-01;-3.252304e-01;7.702023e-04
1.560010e+01;-4.432671e-01;-4.436129e-01;7.802446e-04
1.580010e+01;-5.438824e-01;-5.443122e-01;7.902734e-04
1.600010e+01;-6.228149e-01;-6.233133e-01;8.002964e-04
1.620010e+01;-6.769177e-01;-6.774662e-01;8.103168e-04
1.640010e+01;-7.040339e-01;-7.046115e-01;8.203362e-04
1.660010e+01;-7.030825e-01;-7.036663e-01;8.303555e-04
1.680010e+01;-6.741015e-01;-6.746680e-01;8.403756e-04
1.700010e+01;-6.182461e-01;-6.187719e-01;8.503978e-04
1.720010e+01;-5.377432e-01;-5.382059e-01;8.604239e-04
1.740010e+01;-4.358022e-01;-4.361816e-01;8.704577e-04
1.760010e+01;-3.164871e-01;-3.167658e-01;8.805096e-04
1.780010e+01;-1.845547e-01;-1.847191e-01;8.906207e-04
1.800010e+01;-4.526470e-02;-4.530550e-02;9.013459e-04
1.820010e+01;9.582988e-02;9.591709e-02;9.099755e-04
1.840010e+01;2.331040e-01;2.333185e-01;9.202526e-04
1.860010e+01;3.610851e-01;3.614210e-01;9.303331e-04
1.880010e+01;4.746708e-01;4.751171e-01;9.403777e-04
1.900010e+01;5.693329e-01;5.698740e-01;9.504097e-04
1.920010e+01;6.412974e-01;6.419134e-01;9.604362e-04
1.940010e+01;6.876955e-01;6.883629e-01;9.704601e-04
1.960010e+01;7.066773e-01;7.073702e-01;9.804831e-04
1.980010e+01;6.974862e-01;6.981770e-01;9.905062e-04
0.000000e+00;5.000000e-01;5.000000e-01;0.000000e+00
2.001000e-01;5.894070e-01;5.894070e-01;2.210549e-10
4.001000e-01;6.552662e-01;6.552662e-01;2.705029e-10
6.001000e-01;6.950021e-01;6.950021e-01;1.875557e-10
8.001000e-01;7.070304e-01;7.070304e-01;1.952134e-11
1.000100e+00;6.908716e-01;6.908716e-01;3.633862e-10
1.200100e+00;6.471699e-01;6.471699e-01;8.804605e-10
1.400100e+00;5.776677e-01;5.776677e-01;1.647258e-09
1.600100e+00;4.851356e-01;4.851356e-01;2.827887e-09
1.800100e+00;3.732627e-01;3.732627e-01;4.827218e-09
2.000100e+00;2.465090e-01;2.465090e-01;8.962532e-09
2.200000e+00;1.099976e-01;1.099976e-01;2.328216e-08
2.400000e+00;-3.096527e-02;-3.096527e-02;9.123996e-08
2.600000e+00;-1.706937e-01;-1.706937e-01;1.741619e-08
2.800000e+00;-3.036171e-01;-3.036171e-01;9.812714e-09
3.000000e+00;-4.244362e-01;-4.244362e-01;6.660245e-09
3.200000e+00;-5.283345e-01;-5.283345e-01;4.742368e-09
3.400000e+00;-6.111696e-01;-6.111696e-01;3.296122e-09
3.600000e+00;-6.696394e-01;-6.696394e-01;2.034334e-09
3.800000e+00;-7.014128e-01;-7.014128e-01;8.086099e-10
4.000000e+00;-7.052231e-01;-7.052231e-01;4.868318e-10
4.200000e+00;-6.809183e-01;-6.809183e-01;1.958520e-09
4.400000e+00;-6.294675e-01;-6.294675e-01;3.750793e-09
4.600000e+00;-5.529218e-01;-5.529218e-01;6.108961e-09
4.800000e+00;-4.543328e-01;-4.543328e-01;9.537567e-09
5.000000e+00;-3.376310e-01;-3.376310e-01;1.533092e-08
5.200000e+00;-2.074690e-01;-2.074690e-01;2.823355e-08
5.400000e+00;-6.903581e-02;-6.903580e-02;9.173471e-08
5.600000e+00;7.214962e-02;7.214963e-02;9.099231e-08
5.800100e+00;2.105262e-01;2.105262e-01;3.099738e-08
6.000100e+00;3.404394e-01;3.404394e-01;1.820686e-08
6.200100e+00;4.567803e-01;4.567803e-01;1.221298e-08
6.400100e+00;5.549109e-01;5.549109e-01;8.426557e-09
6.600100e+00;6.309189e-01;6.309189e-01;5.568561e-09
6.800100e+00;6.817742e-01;6.817742e-01;3.119643e-09
7.000100e+00;7.054493e-01;7.054493e-01;8.012767e-10
7.200100e+00;7.010003e-01;7.010003e-01;1.586972e-09
7.400100e+00;6.686047e-01;6.686047e-01;4.245899e-09
7.600100e+00;6.095539e-01;6.095539e-01;7.449197e-09
7.800100e+00;5.262022e-01;5.262021e-01;1.167304e-08
8.000100e+00;4.218724e-01;4.218724e-01;1.794141e-08
8.200100e+00;3.007239e-01;3.007238e-01;2.909579e-08
8.400100e+00;1.675864e-01;1.675864e-01;5.741323e-08
8.600100e+00;2.776787e-02;2.776786e-02;3.648895e-07
8.800100e+00;-1.131577e-01;-1.131577e-01;9.051510e-08
9.000100e+00;-2.495720e-01;-2.495721e-01;3.978580e-08
9.200100e+00;-3.760367e-01;-3.760367e-01;2.443223e-08
9.400100e+00;-4.875100e-01;-4.875100e-01;1.646995e-08
9.600100e+00;-5.795478e-01;-5.795478e-01;1.119210e-08
9.800100e+00;-6.484809e-01;-6.484809e-01;7.105836e-09
1.000010e+01;-6.915611e-01;-6.915611e-01;3.557066e-09
1.020010e+01;-7.070709e-01;-7.070709e-01;1.726376e-10
1.040010e+01;-6.943920e-01;-6.943920e-01;3.333045e-09
1.060010e+01;-6.540299e-01;-6.540299e-01;7.263853e-09
1.080010e+01;-5.875937e-01;-5.875937e-01;1.205673e-08
1.100010e+01;-4.977320e-01;-4.977320e-01;1.851127e-08
1.120010e+01;-3.880273e-01;-3.880273e-01;2.845558e-08
1.140010e+01;-2.628532e-01;-2.628532e-01;4.748169e-08
1.160010e+01;-1.271999e-01;-1.271999e-01;1.057955e-07
1.180010e+01;1.352439e-02;1.352441e-02;1.028810e-06
1.200010e+01;1.537095e-01;1.537096e-01;8.987339e-08
1.220010e+01;2.877668e-01;2.877668e-01;4.567462e-08
1.240010e+01;4.103517e-01;4.103517e-01;2.902565e-08
1.260010e+01;5.165771e-01;5.165771e-01;1.964575e-08
1.280010e+01;6.022083e-01;6.022083e-01;1.314042e-08
1.300010e+01;6.638313e-01;6.638313e-01;7.957818e-09
1.320010e+01;6.989894e-01;6.989894e-01;3.366832e-09
1.340010e+01;7.062811e-01;7.062811e-01;1.079483e-09
1.360010e+01;6.854155e-01;6.854155e-01;5.750515e-09
1.380010e+01;6.372246e-01;6.372246e-01;1.107042e-08
1.400010e+01;5.636296e-01;5.636296e-01;1.768978e-08
1.420010e+01;4.675644e-01;4.675644e-01;2.687093e-08
1.440010e+01;3.528589e-01;3.528589e-01;4.171194e-08
1.460010e+01;2.240861e-01;2.240861e-01;7.288717e-08
1.480010e+01;8.637961e-02;8.637959e-02;2.005815e-07
1.500010e+01;-5.477053e-02;-5.477055e-02;3.220715e-07
1.520010e+01;-1.937372e-01;-1.937372e-01;8.900406e-08
1.540010e+01;-3.249801e-01;-3.249801e-01;4.964498e-08
1.560010e+01;-4.432671e-01;-4.432671e-01;3.234523e-08
1.580010e+01;-5.438824e-01;-5.438824e-01;2.190021e-08
1.600010e+01;-6.228149e-01;-6.228149e-01;1.435052e-08
1.620010e+01;-6.769177e-01;-6.769177e-01;8.162546e-09
1.640010e+01;-7.040339e-01;-7.040339e-01;2.560911e-09
1.660010e+01;-7.030825e-01;-7.030825e-01;2.965072e-09
1.680010e+01;-6.741015e-01;-6.741015e-01;8.874764e-09
1.700010e+01;-6.182461e-01;-6.182461e-01;1.574001e-08
1.720010e+01;-5.377432e-01;-5.377432e-01;2.449860e-08
1.740010e+01;-4.358022e-01;-4.358022e-01;3.708754e-08
1.760010e+01;-3.164871e-01;-3.164871e-01;5.866007e-08
1.780010e+01;-1.845547e-01;-1.845547e-01;1.098283e-07
1.800010e+01;-4.526470e-02;-4.526468e-02;4.681332e-07
1.820010e+01;9.582988e-02;9.582990e-02;2.219739e-07
1.840010e+01;2.331040e-01;2.331041e-01;8.791272e-08
1.860010e+01;3.610851e-01;3.610851e-01;5.224806e-08
1.880010e+01;4.746708e-01;4.746708e-01;3.463278e-08
1.900010e+01;5.693329e-01;5.693329e-01;2.335016e-08
1.920010e+01;6.412974e-01;6.412974e-01;1.488133e-08
1.940010e+01;6.876955e-01;6.876955e-01;7.746432e-09
1.960010e+01;7.066773e-01;7.066773e-01;1.142571e-09
1.980010e+01;6.974862e-01;6.974861e-01;5.502974e-09
0.000000e+00;5.000000e-01;5.000000e-01;0.000000e+00
2.001000e-01;5.894070e-01;5.894070e-01;4.143980e-15
4.001000e-01;6.552662e-01;6.552662e-01;8.471541e-15
6.001000e-01;6.950021e-01;6.950021e-01;1.821080e-14
8.001000e-01;7.070304e-01;7.070304e-01;3.721521e-14
1.000100e+00;6.908716e-01;6.908716e-01;6.299397e-14
1.200100e+00;6.471699e-01;6.471699e-01;1.034449e-13
1.400100e+00;5.776677e-01;5.776677e-01;1.591338e-13
1.600100e+00;4.851356e-01;4.851356e-01;2.418923e-13
1.800100e+00;3.732627e-01;3.732627e-01;3.796789e-13
2.000100e+00;2.465090e-01;2.465090e-01;6.496706e-13
2.200000e+00;1.099976e-01;1.099976e-01;1.275775e-12
2.400000e+00;-3.096527e-02;-3.096527e-02;1.475071e-11
2.600000e+00;-1.706937e-01;-1.706937e-01;4.400080e-12
2.800000e+00;-3.036171e-01;-3.036171e-01;3.262102e-12
3.000000e+00;-4.244362e-01;-4.244362e-01;2.688870e-12
3.200000e+00;-5.283345e-01;-5.283345e-01;2.228497e-12
3.400000e+00;-6.111696e-01;-6.111696e-01;1.768053e-12
3.600000e+00;-6.696394e-01;-6.696394e-01;1.250088e-12
3.800000e+00;-7.014128e-01;-7.014128e-01;6.423158e-13
4.000000e+00;-7.052231e-01;-7.052231e-01;1.034306e-13
4.200000e+00;-6.809183e-01;-6.809183e-01;7.914345e-13
4.400000e+00;-6.294675e-01;-6.294675e-01;1.360380e-12
4.600000e+00;-5.529218e-01;-5.529218e-01;1.864756e-12
4.800000e+00;-4.543328e-01;-4.543328e-01;2.328539e-12
5.000000e+00;-3.376310e-01;-3.376310e-01;2.850111e-12
5.200000e+00;-2.074690e-01;-2.074690e-01;3.698665e-12
5.400000e+00;-6.903581e-02;-6.903581e-02;7.344578e-12
5.600000e+00;7.214962e-02;7.214962e-02;3.002350e-12
5.800100e+00;2.105262e-01;2.105262e-01;3.162819e-13
6.000100e+00;3.404394e-01;3.404394e-01;9.020334e-13
6.200100e+00;4.567803e-01;4.567803e-01;1.025810e-12
6.400100e+00;5.549109e-01;5.549109e-01;9.487429e-13
6.600100e+00;6.309189e-01;6.309189e-01;7.290404e-13
6.800100e+00;6.817742e-01;6.817742e-01;3.706312e-13
7.000100e+00;7.054493e-01;7.054493e-01;1.260599e-13
7.200100e+00;7.010003e-01;7.010003e-01;7.948940e-13
7.400100e+00;6.686047e-01;6.686047e-01;1.696208e-12
7.600100e+00;6.095539e-01;6.095539e-01;2.938780e-12
7.800100e+00;5.262022e-01;5.262022e-01;4.722754e-12
8.000100e+00;4.218724e-01;4.218724e-01;7.534300e-12
8.200100e+00;3.007239e-01;3.007239e-01;1.269844e-11
8.400100e+00;1.675864e-01;1.675864e-01;2.602909e-11
8.600100e+00;2.776787e-02;2.776787e-02;1.714199e-10
8.800100e+00;-1.131577e-01;-1.131577e-01;4.392514e-11
9.000100e+00;-2.495720e-01;-2.495720e-01;1.986870e-11
9.200100e+00;-3.760367e-01;-3.760367e-01;1.250414e-11
9.400100e+00;-4.875100e-01;-4.875100e-01;8.584068e-12
9.600100e+00;-5.795478e-01;-5.795478e-01;5.881876e-12
9.800100e+00;-6.484809e-01;-6.484809e-01;3.675571e-12
1.000010e+01;-6.915611e-01;-6.915611e-01;1.666231e-12
1.020010e+01;-7.070709e-01;-7.070709e-01;3.642799e-13
1.040010e+01;-6.943920e-01;-6.943920e-01;2.577493e-12
1.060010e+01;-6.540299e-01;-6.540299e-01;5.165526e-12
1.080010e+01;-5.875937e-01;-5.875937e-01;8.427280e-12
1.100010e+01;-4.977320e-01;-4.977320e-01;1.293180e-11
1.120010e+01;-3.880273e-01;-3.880273e-01;1.998490e-11
1.140010e+01;-2.628532e-01;-2.628532e-01;3.360681e-11
1.160010e+01;-1.271999e-01;-1.271999e-01;7.552227e-11
1.180010e+01;1.352439e-02;1.352439e-02;7.408318e-10
1.200010e+01;1.537095e-01;1.537095e-01;6.523672e-11
1.220010e+01;2.877668e-01;2.877668e-01;3.338249e-11
1.240010e+01;4.103517e-01;4.103517e-01;2.131682e-11
1.260010e+01;5.165771e-01;5.165771e-01;1.444192e-11
1.280010e+01;6.022083e-01;6.022083e-01;9.602136e-12
1.300010e+01;6.638313e-01;6.638313e-01;5.664580e-12
1.320010e+01;6.989894e-01;6.989894e-01;2.089919e-12
1.340010e+01;7.062811e-01;7.062811e-01;1.456549e-12
1.360010e+01;6.854155e-01;6.854155e-01;5.259591e-12
1.380010e+01;6.372246e-01;6.372246e-01;9.671913e-12
1.400010e+01;5.636296e-01;5.636296e-01;1.524566e-11
1.420010e+01;4.675644e-01;4.675644e-01;2.306358e-11
1.440010e+01;3.528589e-01;3.528589e-01;3.579572e-11
1.460010e+01;2.240861e-01;2.240861e-01;6.262572e-11
1.480010e+01;8.637961e-02;8.637961e-02;1.726816e-10
1.500010e+01;-5.477053e-02;-5.477053e-02;2.778638e-10
1.520010e+01;-1.937372e-01;-1.937372e-01;7.691405e-11
1.540010e+01;-3.249801e-01;-3.249801e-01;4.293342e-11
1.560010e+01;-4.432671e-01;-4.432671e-01;2.793597e-11
1.580010e+01;-5.438824e-01;-5.438824e-01;1.881847e-11
1.600010e+01;-6.228149e-01;-6.228149e-01;1.216777e-11
1.620010e+01;-6.769177e-01;-6.769177e-01;6.656572e-12
1.640010e+01;-7.040339e-01;-7.040339e-01;1.597603e-12
1.660010e+01;-7.030825e-01;-7.030825e-01;3.458499e-12
1.680010e+01;-6.741015e-01;-6.741015e-01;8.926562e-12
1.700010e+01;-6.182461e-01;-6.182461e-01;1.535287e-11
1.720010e+01;-5.377432e-01;-5.377432e-01;2.361837e-11
1.740010e+01;-4.358022e-01;-4.358022e-01;3.556695e-11
1.760010e+01;-3.164871e-01;-3.164871e-01;5.612221e-11
1.780010e+01;-1.845547e-01;-1.845547e-01;1.049728e-10
1.800010e+01;-4.526470e-02;-4.526470e-02;4.471921e-10
1.820010e+01;9.582988e-02;9.582988e-02;2.119307e-10
1.840010e+01;2.331040e-01;2.331040e-01;8.385111e-11
1.860010e+01;3.610851e-01;3.610851e-01;4.973442e-11
1.880010e+01;4.746708e-01;4.746708e-01;3.283137e-11
1.900010e+01;5.693329e-01;5.693329e-01;2.195533e-11
1.920010e+01;6.412974e-01;6.412974e-01;1.373476e-11
1.940010e+01;6.876955e-01;6.876955e-01;6.754210e-12
1.960010e+01;7.066773e-01;7.066773e-01;2.353428e-13
1.980010e+01;6.974862e-01;6.974862e-01;6.372250e-12
0.000000e+00;5.000000e-01;5.000000e-01;0.000000e+00
2.001000e-01;5.894070e-01;5.894070e-01;8.476322e-15
4.001000e-01;6.552662e-01;6.552662e-01;8.471541e-15
6.001000e-01;6.950021e-01;6.950021e-01;7.507961e-15
8.001000e-01;7.070304e-01;7.070304e-01;1.570262e-15
1.000100e+00;6.908716e-01;6.908716e-01;1.751618e-14
1.200100e+00;6.471699e-01;6.471699e-01;5.386685e-14
1.400100e+00;5.776677e-01;5.776677e-01;9.936255e-14
1.600100e+00;4.851356e-01;4.851356e-01;1.724370e-13
1.800100e+00;3.732627e-01;3.732627e-01;2.944631e-13
2.000100e+00;2.465090e-01;2.465090e-01;5.468718e-13
2.200000e+00;1.099976e-01;1.099976e-01;1.400425e-12
2.400000e+00;-3.096527e-02;-3.096527e-02;1.466219e-11
2.600000e+00;-1.706937e-01;-1.706937e-01;4.280566e-12
2.800000e+00;-3.036171e-01;-3.036171e-01;3.126989e-12
3.000000e+00;-4.244362e-01;-4.244362e-01;2.546049e-12
3.200000e+00;-5.283345e-01;-5.283345e-01;2.080140e-12
3.400000e+00;-6.111696e-01;-6.111696e-01;1.612374e-12
3.600000e+00;-6.696394e-01;-6.696394e-01;1.088439e-12
3.800000e+00;-7.014128e-01;-7.014128e-01;4.702612e-13
4.000000e+00;-7.052231e-01;-7.052231e-01;2.761298e-13
4.200000e+00;-6.809183e-01;-6.809183e-01;9.719286e-13
4.400000e+00;-6.294675e-01;-6.294675e-01;1.542046e-12
4.600000e+00;-5.529218e-01;-5.529218e-01;2.055308e-12
4.800000e+00;-4.543328e-01;-4.543328e-01;2.545656e-12
5.000000e+00;-3.376310e-01;-3.376310e-01;3.074535e-12
5.200000e+00;-2.074690e-01;-2.074690e-01;3.941613e-12
5.400000e+00;-6.903581e-02;-6.903581e-02;7.608722e-12
5.600000e+00;7.214962e-02;7.214962e-02;2.749413e-12
5.800100e+00;2.105262e-01;2.105262e-01;5.836516e-13
6.000100e+00;3.404394e-01;3.404394e-01;1.181840e-12
6.200100e+00;4.567803e-01;4.567803e-01;1.312613e-12
6.400100e+00;5.549109e-01;5.549109e-01;1.249852e-12
6.600100e+00;6.309189e-01;6.309189e-01;1.035579e-12
6.800100e+00;6.817742e-01;6.817742e-01;6.956662e-13
7.000100e+00;7.054493e-01;7.054493e-01;1.967227e-13
7.200100e+00;7.010003e-01;7.010003e-01;4.586597e-13
7.400100e+00;6.686047e-01;6.686047e-01;1.358129e-12
7.600100e+00;6.095539e-01;6.095539e-01;2.585799e-12
7.800100e+00;5.262022e-01;5.262022e-01;4.375046e-12
8.000100e+00;4.218724e-01;4.218724e-01;7.177974e-12
8.200100e+00;3.007239e-01;3.007239e-01;1.234421e-11
8.400100e+00;1.675864e-01;1.675864e-01;2.567350e-11
8.600100e+00;2.776787e-02;2.776787e-02;1.712020e-10
8.800100e+00;-1.131577e-01;-1.131577e-01;4.436996e-11
9.000100e+00;-2.495720e-01;-2.495720e-01;2.029387e-11
9.200100e+00;-3.760367e-01;-3.760367e-01;1.293195e-11
9.400100e+00;-4.875100e-01;-4.875100e-01;9.024163e-12
9.600100e+00;-5.795478e-01;-5.795478e-01;6.328994e-12
9.800100e+00;-6.484809e-01;-6.484809e-01;4.128919e-12
1.000010e+01;-6.915611e-01;-6.915611e-01;2.113492e-12
1.020010e+01;-7.070709e-01;-7.070709e-01;8.086387e-14
1.040010e+01;-6.943920e-01;-6.943920e-01;2.127579e-12
1.060010e+01;-6.540299e-01;-6.540299e-01;4.713309e-12
1.080010e+01;-5.875937e-01;-5.875937e-01;7.964556e-12
1.100010e+01;-4.977320e-01;-4.977320e-01;1.246952e-11
1.120010e+01;-3.880273e-01;-3.880273e-01;1.951537e-11
1.140010e+01;-2.628532e-01;-2.628532e-01;3.312805e-11
1.160010e+01;-1.271999e-01;-1.271999e-01;7.505771e-11
1.180010e+01;1.352439e-02;1.352439e-02;7.415406e-10
1.200010e+01;1.537095e-01;1.537095e-01;6.576074e-11
1.220010e+01;2.877668e-01;2.877668e-01;3.390796e-11
1.240010e+01;4.103517e-01;4.103517e-01;2.184291e-11
1.260010e+01;5.165771e-01;5.165771e-01;1.497084e-11
1.280010e+01;6.022083e-01;6.022083e-01;1.013512e-11
1.300010e+01;6.638313e-01;6.638313e-01;6.210132e-12
1.320010e+01;6.989894e-01;6.989894e-01;2.642021e-12
1.340010e+01;7.062811e-01;7.062811e-01;9.008720e-13
1.360010e+01;6.854155e-01;6.854155e-01;4.697041e-12
1.380010e+01;6.372246e-01;6.372246e-01;9.100271e-12
1.400010e+01;5.636296e-01;5.636296e-01;1.466576e-11
1.420010e+01;4.675644e-01;4.675644e-01;2.246758e-11
1.440010e+01;3.528589e-01;3.528589e-01;3.518847e-11
1.460010e+01;2.240861e-01;2.240861e-01;6.201149e-11
1.480010e+01;8.637961e-02;8.637961e-02;1.720696e-10
1.500010e+01;-5.477053e-02;-5.477053e-02;2.785205e-10
1.520010e+01;-1.937372e-01;-1.937372e-01;7.757249e-11
1.540010e+01;-3.249801e-01;-3.249801e-01;4.358473e-11
1.560010e+01;-4.432671e-01;-4.432671e-01;2.859882e-11
1.580010e+01;-5.438824e-01;-5.438824e-01;1.949148e-11
1.600010e+01;-6.228149e-01;-6.228149e-01;1.284373e-11
1.620010e+01;-6.769177e-01;-6.769177e-01;7.331807e-12
1.640010e+01;-7.040339e-01;-7.040339e-01;2.287832e-12
1.660010e+01;-7.030825e-01;-7.030825e-01;2.763862e-12
1.680010e+01;-6.741015e-01;-6.741015e-01;8.223802e-12
1.700010e+01;-6.182461e-01;-6.182461e-01;1.464660e-11
1.720010e+01;-5.377432e-01;-5.377432e-01;2.289824e-11
1.740010e+01;-4.358022e-01;-4.358022e-01;3.484625e-11
1.760010e+01;-3.164871e-01;-3.164871e-01;5.540168e-11
1.780010e+01;-1.845547e-01;-1.845547e-01;1.042459e-10
1.800010e+01;-4.526470e-02;-4.526470e-02;4.465053e-10
1.820010e+01;9.582988e-02;9.582988e-02;2.127217e-10
1.840010e+01;2.331040e-01;2.331040e-01;8.463792e-11
1.860010e+01;3.610851e-01;3.610851e-01;5.051985e-11
1.880010e+01;4.746708e-01;4.746708e-01;3.362532e-11
1.900010e+01;5.693329e-01;5.693329e-01;2.276655e-11
1.920010e+01;6.412974e-01;6.412974e-01;1.454826e-11
1.940010e+01;6.876955e-01;6.876955e-01;7.579981e-12
1.960010e+01;7.066773e-01;7.066773e-01;1.076952e-12
1.980010e+01;6.974862e-01;6.974862e-01;5.522255e-12
