            0.00000e+00;            4.00000e-01;            4.00000e-01;            0.00000e+00
            1.00000e-01;            4.01841e-01;            4.01841e-01;            4.99600e-16
            2.00100e-01;            4.07386e-01;            4.07386e-01;            1.49880e-15
            3.00100e-01;            4.16665e-01;            4.16665e-01;            1.55431e-15
            4.00100e-01;            4.29752e-01;            4.29752e-01;            8.32667e-16
            5.00100e-01;            4.46741e-01;            4.46741e-01;            2.66454e-15
            6.00100e-01;            4.67754e-01;            4.67754e-01;            4.55191e-15
            7.00100e-01;            4.92934e-01;            4.92934e-01;            5.49560e-15
            8.00100e-01;            5.22446e-01;            5.22446e-01;            5.99520e-15
            9.00100e-01;            5.56471e-01;            5.56471e-01;            5.44009e-15
            1.00010e+00;            5.95198e-01;            5.95198e-01;            7.99361e-15
            1.10010e+00;            6.38823e-01;            6.38823e-01;            7.77156e-15
            1.20010e+00;            6.87531e-01;            6.87531e-01;            7.43849e-15
            1.30010e+00;            7.41486e-01;            7.41486e-01;            1.01030e-14
            1.40010e+00;            8.00813e-01;            8.00813e-01;            8.21565e-15
            1.50010e+00;            8.65572e-01;            8.65572e-01;            1.39888e-14
            1.60010e+00;            9.35734e-01;            9.35734e-01;            1.52101e-14
            1.70010e+00;            1.01114e+00;            1.01114e+00;            1.50990e-14
            1.80010e+00;            1.09148e+00;            1.09148e+00;            2.19824e-14
            1.90010e+00;            1.17620e+00;            1.17620e+00;            2.19824e-14
            2.00010e+00;            1.26453e+00;            1.26453e+00;            2.70894e-14
            2.10000e+00;            1.35527e+00;            1.35527e+00;            2.95319e-14
            2.20000e+00;            1.44718e+00;            1.44718e+00;            2.88658e-14
            2.30000e+00;            1.53837e+00;            1.53837e+00;            3.17524e-14
            2.40000e+00;            1.62672e+00;            1.62672e+00;            4.92939e-14
            2.50000e+00;            1.70980e+00;            1.70980e+00;            7.14984e-14
            2.60000e+00;            1.78498e+00;            1.78498e+00;            9.96980e-14
            2.70000e+00;            1.84958e+00;            1.84958e+00;            1.30340e-13
            2.80000e+00;            1.90107e+00;            1.90107e+00;            1.58984e-13
            2.90000e+00;            1.93727e+00;            1.93727e+00;            1.86740e-13
            3.00000e+00;            1.95655e+00;            1.95655e+00;            2.22933e-13
            3.10000e+00;            1.95801e+00;            1.95801e+00;            2.46914e-13
            3.20000e+00;            1.94159e+00;            1.94159e+00;            2.56906e-13
            3.30000e+00;            1.90806e+00;            1.90806e+00;            2.48024e-13
            3.40000e+00;            1.85892e+00;            1.85892e+00;            2.23155e-13
            3.50000e+00;            1.79628e+00;            1.79628e+00;            1.72973e-13
            3.60000e+00;            1.72265e+00;            1.72265e+00;            1.03695e-13
            3.70000e+00;            1.64067e+00;            1.64067e+00;            2.30926e-14
            3.80000e+00;            1.55301e+00;            1.55301e+00;            5.79536e-14
            3.90000e+00;            1.46212e+00;            1.46212e+00;            1.49214e-13
            4.00000e+00;            1.37020e+00;            1.37020e+00;            2.25819e-13
            4.10000e+00;            1.27909e+00;            1.27909e+00;            3.05977e-13
            4.20000e+00;            1.19027e+00;            1.19027e+00;            3.85025e-13
            4.30000e+00;            1.10490e+00;            1.10490e+00;            4.67404e-13
            4.40000e+00;            1.02382e+00;            1.02382e+00;            5.36460e-13
            4.50000e+00;            9.47583e-01;            9.47583e-01;            6.08069e-13
            4.60000e+00;            8.76558e-01;            8.76558e-01;            6.76681e-13
            4.70000e+00;            8.10920e-01;            8.10920e-01;            7.44071e-13
            4.80000e+00;            7.50717e-01;            7.50717e-01;            8.08353e-13
            4.90000e+00;            6.95900e-01;            6.95900e-01;            8.73746e-13
            5.00000e+00;            6.46354e-01;            6.46354e-01;            9.43468e-13
            5.10000e+00;            6.01919e-01;            6.01919e-01;            1.01985e-12
            5.20000e+00;            5.62412e-01;            5.62412e-01;            1.09879e-12
            5.30000e+00;            5.27640e-01;            5.27640e-01;            1.18228e-12
            5.40000e+00;            4.97410e-01;            4.97410e-01;            1.27243e-12
            5.50000e+00;            4.71541e-01;            4.71541e-01;            1.36996e-12
            5.60000e+00;            4.49864e-01;            4.49864e-01;            1.47771e-12
            5.70000e+00;            4.32233e-01;            4.32233e-01;            1.59728e-12
            5.80010e+00;            4.18510e-01;            4.18510e-01;            1.73023e-12
            5.90010e+00;            4.08624e-01;            4.08624e-01;            1.87245e-12
            6.00010e+00;            4.02486e-01;            4.02486e-01;            2.03232e-12
            6.10010e+00;            4.00048e-01;            4.00048e-01;            2.20624e-12
            6.20010e+00;            4.01293e-01;            4.01293e-01;            2.39658e-12
            6.30010e+00;            4.06231e-01;            4.06231e-01;            2.60542e-12
            6.40010e+00;            4.14898e-01;            4.14898e-01;            2.83440e-12
            6.50010e+00;            4.27358e-01;            4.27358e-01;            3.08231e-12
            6.60010e+00;            4.43705e-01;            4.43705e-01;            3.35243e-12
            6.70010e+00;            4.64053e-01;            4.64053e-01;            3.64592e-12
            6.80010e+00;            4.88545e-01;            4.88545e-01;            3.96450e-12
            6.90010e+00;            5.17340e-01;            5.17340e-01;            4.31000e-12
            7.00010e+00;            5.50617e-01;            5.50617e-01;            4.68381e-12
            7.10010e+00;            5.88566e-01;            5.88566e-01;            5.07738e-12
            7.20010e+00;            6.31381e-01;            6.31381e-01;            5.49816e-12
            7.30010e+00;            6.79249e-01;            6.79249e-01;            5.94014e-12
            7.40010e+00;            7.32340e-01;            7.32340e-01;            6.39711e-12
            7.50010e+00;            7.90786e-01;            7.90786e-01;            6.87095e-12
            7.60010e+00;            8.54660e-01;            8.54660e-01;            7.34479e-12
            7.70010e+00;            9.23950e-01;            9.23950e-01;            7.81342e-12
            7.80010e+00;            9.98521e-01;            9.98521e-01;            8.26328e-12
            7.90010e+00;            1.07808e+00;            1.07808e+00;            8.67484e-12
            8.00010e+00;            1.16214e+00;            1.16214e+00;            9.01967e-12
            8.10010e+00;            1.24995e+00;            1.24995e+00;            9.26348e-12
            8.20010e+00;            1.34046e+00;            1.34046e+00;            9.37894e-12
            8.30010e+00;            1.43230e+00;            1.43230e+00;            9.33387e-12
            8.40010e+00;            1.52375e+00;            1.52375e+00;            9.09539e-12
            8.50010e+00;            1.61272e+00;            1.61272e+00;            8.62532e-12
            8.60010e+00;            1.69682e+00;            1.69682e+00;            7.90545e-12
            8.70010e+00;            1.77346e+00;            1.77346e+00;            6.91047e-12
            8.80010e+00;            1.83996e+00;            1.83996e+00;            5.65725e-12
            8.90010e+00;            1.89373e+00;            1.89373e+00;            4.15867e-12
            9.00010e+00;            1.93253e+00;            1.93253e+00;            2.48002e-12
            9.10010e+00;            1.95462e+00;            1.95462e+00;            6.79679e-13
            9.20010e+00;            1.95900e+00;            1.95900e+00;            1.15108e-12
            9.30010e+00;            1.94544e+00;            1.94544e+00;            2.93254e-12
            9.40010e+00;            1.91459e+00;            1.91459e+00;            4.56279e-12
            9.50010e+00;            1.86785e+00;            1.86785e+00;            5.98965e-12
            9.60010e+00;            1.80723e+00;            1.80723e+00;            7.15317e-12
            9.70010e+00;            1.73519e+00;            1.73519e+00;            8.03091e-12
            9.80010e+00;            1.65439e+00;            1.65439e+00;            8.62732e-12
            9.90010e+00;            1.56747e+00;            1.56747e+00;            8.94618e-12
