0.000000e+00;1.000000e+00;1.000000e+00;0.000000e+00
2.001000e-01;9.800467e-01;9.800565e-01;1.000519e-05
4.001000e-01;9.210220e-01;9.210405e-01;2.000576e-05
6.001000e-01;8.252791e-01;8.253039e-01;3.000682e-05
8.001000e-01;6.966350e-01;6.966628e-01;4.000855e-05
1.000100e+00;5.402182e-01;5.402452e-01;5.001144e-05
1.200100e+00;3.622645e-01;3.622863e-01;6.001709e-05
1.400100e+00;1.698686e-01;1.698805e-01;7.003453e-05
1.600100e+00;-2.929948e-02;-2.930182e-02;7.982623e-05
1.800100e+00;-2.272995e-01;-2.273199e-01;8.998334e-05
2.000100e+00;-4.162378e-01;-4.162794e-01;9.999544e-05
2.200000e+00;-5.885011e-01;-5.885659e-01;1.099960e-04
2.400000e+00;-7.373937e-01;-7.374822e-01;1.199999e-04
2.600000e+00;-8.568888e-01;-8.570002e-01;1.300032e-04
2.800000e+00;-9.422223e-01;-9.423543e-01;1.400065e-04
3.000000e+00;-9.899925e-01;-9.901410e-01;1.500098e-04
3.200000e+00;-9.982948e-01;-9.984545e-01;1.600134e-04
3.400000e+00;-9.667982e-01;-9.669626e-01;1.700174e-04
3.600000e+00;-8.967584e-01;-8.969199e-01;1.800221e-04
3.800000e+00;-7.909677e-01;-7.911180e-01;1.900279e-04
4.000000e+00;-6.536436e-01;-6.537744e-01;2.000354e-04
4.200000e+00;-4.902608e-01;-4.903638e-01;2.100470e-04
4.400000e+00;-3.073329e-01;-3.074005e-01;2.200696e-04
4.600000e+00;-1.121525e-01;-1.121783e-01;2.301624e-04
4.800000e+00;8.749898e-02;8.751997e-02;2.398466e-04
5.000000e+00;2.836622e-01;2.837331e-01;2.499749e-04
5.200000e+00;4.685167e-01;4.686385e-01;2.600011e-04
5.400000e+00;6.346929e-01;6.348643e-01;2.700145e-04
5.600000e+00;7.755659e-01;7.757831e-01;2.800240e-04
5.800100e+00;8.855660e-01;8.858228e-01;2.900369e-04
6.000100e+00;9.601982e-01;9.604863e-01;3.000442e-04
6.200100e+00;9.965504e-01;9.968594e-01;3.100513e-04
6.400100e+00;9.931733e-01;9.934911e-01;3.200587e-04
6.600100e+00;9.502014e-01;9.505151e-01;3.300667e-04
6.800100e+00;8.693481e-01;8.696437e-01;3.400757e-04
7.000100e+00;7.538366e-01;7.541005e-01;3.500866e-04
7.200100e+00;6.082719e-01;6.084910e-01;3.601011e-04
7.400100e+00;4.384575e-01;4.386197e-01;3.701240e-04
7.600100e+00;2.511630e-01;2.512585e-01;3.801749e-04
7.800100e+00;5.385557e-02;5.387660e-02;3.905632e-04
8.000100e+00;-1.455990e-01;-1.456572e-01;3.999038e-04
8.200100e+00;-3.392489e-01;-3.393880e-01;4.100133e-04
8.400100e+00;-5.193741e-01;-5.195923e-01;4.200471e-04
8.600100e+00;-6.787935e-01;-6.790854e-01;4.300664e-04
8.800100e+00;-8.111515e-01;-8.115085e-01;4.400807e-04
9.000100e+00;-9.111715e-01;-9.115816e-01;4.500927e-04
9.200100e+00;-9.748659e-01;-9.753144e-01;4.601038e-04
9.400100e+00;-9.996955e-01;-1.000165e+00;4.701147e-04
9.600100e+00;-9.846704e-01;-9.851432e-01;4.801259e-04
9.800100e+00;-9.303896e-01;-9.308456e-01;4.901379e-04
1.000010e+01;-8.390171e-01;-8.394368e-01;5.001516e-04
1.020010e+01;-7.141957e-01;-7.145600e-01;5.101684e-04
1.040010e+01;-5.609015e-01;-5.611932e-01;5.201914e-04
1.060010e+01;-3.852459e-01;-3.854502e-01;5.302301e-04
1.080010e+01;-1.942318e-01;-1.943368e-01;5.403327e-04
1.100010e+01;4.525697e-03;4.528150e-03;5.420527e-04
1.120010e+01;2.031028e-01;2.032165e-01;5.599818e-04
1.140010e+01;3.935828e-01;3.938072e-01;5.700787e-04
1.160010e+01;5.683719e-01;5.687016e-01;5.801172e-04
1.180010e+01;7.205018e-01;7.209270e-01;5.901412e-04
1.200010e+01;8.439076e-01;8.444141e-01;6.001596e-04
1.220010e+01;9.336695e-01;9.342392e-01;6.101755e-04
1.240010e+01;9.862089e-01;9.868205e-01;6.201903e-04
1.260010e+01;9.994312e-01;1.000061e+00;6.302049e-04
1.280010e+01;9.728094e-01;9.734322e-01;6.402200e-04
1.300010e+01;9.074048e-01;9.079948e-01;6.502364e-04
1.320010e+01;8.058247e-01;8.063568e-01;6.602552e-04
1.340010e+01;6.721190e-01;6.725695e-01;6.702787e-04
1.360010e+01;5.116181e-01;5.119661e-01;6.803124e-04
1.380010e+01;3.307205e-01;3.309488e-01;6.903744e-04
1.400010e+01;1.366382e-01;1.367339e-01;7.005885e-04
1.420010e+01;-6.289153e-02;-6.293615e-02;7.095058e-04
1.440010e+01;-2.599139e-01;-2.601011e-01;7.200859e-04
1.460010e+01;-4.465744e-01;-4.469004e-01;7.301740e-04
1.480010e+01;-6.154313e-01;-6.158869e-01;7.402157e-04
1.500010e+01;-7.597529e-01;-7.603229e-01;7.502435e-04
1.520010e+01;-8.737856e-01;-8.744499e-01;7.602657e-04
1.540010e+01;-9.529832e-01;-9.537173e-01;7.702852e-04
1.560010e+01;-9.941884e-01;-9.949642e-01;7.803036e-04
1.580010e+01;-9.957584e-01;-9.965454e-01;7.903220e-04
1.600010e+01;-9.576307e-01;-9.583971e-01;8.003411e-04
1.620010e+01;-8.813252e-01;-8.820394e-01;8.103621e-04
1.640010e+01;-7.698841e-01;-7.705157e-01;8.203866e-04
1.660010e+01;-6.277502e-01;-6.282715e-01;8.304182e-04
1.680010e+01;-4.605898e-01;-4.609769e-01;8.404659e-04
1.700010e+01;-2.750672e-01;-2.753012e-01;8.505645e-04
1.720010e+01;-7.857850e-02;-7.864617e-02;8.611026e-04
1.740010e+01;1.210429e-01;1.211482e-01;8.699077e-04
1.760010e+01;3.158386e-01;3.161166e-01;8.802160e-04
1.780010e+01;4.980429e-01;4.984863e-01;8.902978e-04
1.800010e+01;6.603918e-01;6.609864e-01;9.003419e-04
1.820010e+01;7.964129e-01;7.971380e-01;9.103731e-04
1.840010e+01;9.006836e-01;9.015126e-01;9.203987e-04
1.860010e+01;9.690469e-01;9.699485e-01;9.304218e-04
1.880010e+01;9.987773e-01;9.997166e-01;9.404438e-04
1.900010e+01;9.886896e-01;9.896293e-01;9.504660e-04
1.920010e+01;9.391860e-01;9.400881e-01;9.604894e-04
1.940010e+01;8.522400e-01;8.530671e-01;9.705153e-04
1.960010e+01;7.313179e-01;7.320350e-01;9.805463e-04
1.980010e+01;5.812404e-01;5.818162e-01;9.905877e-04
0.000000e+00;1.000000e+00;1.000000e+00;0.000000e+00
2.001000e-01;9.800467e-01;9.800467e-01;6.760947e-11
4.001000e-01;9.210220e-01;9.210220e-01;2.819663e-10
6.001000e-01;8.252791e-01;8.252791e-01;6.843520e-10
8.001000e-01;6.966350e-01;6.966350e-01;1.373267e-09
1.000100e+00;5.402182e-01;5.402182e-01;2.596530e-09
1.200100e+00;3.622645e-01;3.622645e-01;5.146403e-09
1.400100e+00;1.698686e-01;1.698686e-01;1.353807e-08
1.600100e+00;-2.929948e-02;-2.929948e-02;9.098642e-08
1.800100e+00;-2.272995e-01;-2.272995e-01;1.285470e-08
2.000100e+00;-4.162378e-01;-4.162378e-01;7.282602e-09
2.200000e+00;-5.885011e-01;-5.885011e-01;5.037326e-09
2.400000e+00;-7.373937e-01;-7.373937e-01;3.663771e-09
2.600000e+00;-8.568888e-01;-8.568888e-01;2.606610e-09
2.800000e+00;-9.422223e-01;-9.422223e-01;1.658969e-09
3.000000e+00;-9.899925e-01;-9.899925e-01;7.128474e-10
3.200000e+00;-9.982948e-01;-9.982948e-01;3.113136e-10
3.400000e+00;-9.667982e-01;-9.667982e-01;1.496632e-09
3.600000e+00;-8.967584e-01;-8.967584e-01;2.958774e-09
3.800000e+00;-7.909677e-01;-7.909677e-01;4.895920e-09
4.000000e+00;-6.536436e-01;-6.536436e-01;7.713642e-09
4.200000e+00;-4.902608e-01;-4.902608e-01;1.243760e-08
4.400000e+00;-3.073329e-01;-3.073329e-01;2.269625e-08
4.600000e+00;-1.121525e-01;-1.121525e-01;6.790418e-08
4.800000e+00;8.749898e-02;8.749899e-02;9.105501e-08
5.000000e+00;2.836622e-01;2.836622e-01;2.816587e-08
5.200000e+00;4.685167e-01;4.685167e-01;1.634058e-08
5.400000e+00;6.346929e-01;6.346929e-01;1.095762e-08
5.600000e+00;7.755659e-01;7.755659e-01;7.597273e-09
5.800100e+00;8.855660e-01;8.855660e-01;5.071460e-09
6.000100e+00;9.601982e-01;9.601982e-01;2.909977e-09
6.200100e+00;9.965504e-01;9.965504e-01;8.614229e-10
6.400100e+00;9.931733e-01;9.931733e-01;1.252196e-09
6.600100e+00;9.502014e-01;9.502014e-01;3.607540e-09
6.800100e+00;8.693481e-01;8.693481e-01;6.443341e-09
7.000100e+00;7.538366e-01;7.538365e-01;1.017079e-08
7.200100e+00;6.082719e-01;6.082719e-01;1.566248e-08
7.400100e+00;4.384575e-01;4.384574e-01;2.528832e-08
7.600100e+00;2.511630e-01;2.511630e-01;4.883193e-08
7.800100e+00;5.385557e-02;5.385555e-02;2.411277e-07
8.000100e+00;-1.455990e-01;-1.455990e-01;9.063800e-08
8.200100e+00;-3.392489e-01;-3.392489e-01;3.791350e-08
8.400100e+00;-5.193741e-01;-5.193741e-01;2.304634e-08
8.600100e+00;-6.787935e-01;-6.787935e-01;1.551453e-08
8.800100e+00;-8.111515e-01;-8.111515e-01;1.058099e-08
9.000100e+00;-9.111715e-01;-9.111715e-01;6.787592e-09
9.200100e+00;-9.748659e-01;-9.748659e-01;3.507281e-09
9.400100e+00;-9.996955e-01;-9.996955e-01;3.881087e-10
9.600100e+00;-9.846704e-01;-9.846704e-01;2.834664e-09
9.800100e+00;-9.303896e-01;-9.303896e-01;6.437879e-09
1.000010e+01;-8.390171e-01;-8.390171e-01;1.081369e-08
1.020010e+01;-7.141957e-01;-7.141956e-01;1.666992e-08
1.040010e+01;-5.609015e-01;-5.609015e-01;2.559877e-08
1.060010e+01;-3.852459e-01;-3.852459e-01;4.234482e-08
1.080010e+01;-1.942318e-01;-1.942318e-01;9.096707e-08
1.100010e+01;4.525697e-03;4.525715e-03;4.053653e-06
1.120010e+01;2.031028e-01;2.031028e-01;9.005560e-08
1.140010e+01;3.935828e-01;3.935828e-01;4.441090e-08
1.160010e+01;5.683719e-01;5.683719e-01;2.800833e-08
1.180010e+01;7.205018e-01;7.205018e-01;1.894361e-08
1.200010e+01;8.439076e-01;8.439076e-01;1.272530e-08
1.220010e+01;9.336695e-01;9.336695e-01;7.806823e-09
1.240010e+01;9.862089e-01;9.862089e-01;3.472478e-09
1.260010e+01;9.994312e-01;9.994312e-01;7.075474e-10
1.280010e+01;9.728094e-01;9.728094e-01;5.081406e-09
1.300010e+01;9.074048e-01;9.074048e-01;1.004105e-08
1.320010e+01;8.058247e-01;8.058247e-01;1.617780e-08
1.340010e+01;6.721190e-01;6.721190e-01;2.462182e-08
1.360010e+01;5.116181e-01;5.116181e-01;3.809586e-08
1.380010e+01;3.307205e-01;3.307205e-01;6.568417e-08
1.400010e+01;1.366382e-01;1.366381e-01;1.693050e-07
1.420010e+01;-6.289153e-02;-6.289155e-02;3.758822e-07
1.440010e+01;-2.599139e-01;-2.599139e-01;8.924229e-08
1.460010e+01;-4.465744e-01;-4.465744e-01;4.879733e-08
1.480010e+01;-6.154313e-01;-6.154313e-01;3.162006e-08
1.500010e+01;-7.597529e-01;-7.597530e-01;2.141603e-08
1.520010e+01;-8.737856e-01;-8.737856e-01;1.411373e-08
1.540010e+01;-9.529832e-01;-9.529832e-01;8.170469e-09
1.560010e+01;-9.941884e-01;-9.941884e-01;2.819845e-09
1.580010e+01;-9.957584e-01;-9.957584e-01;2.433355e-09
1.600010e+01;-9.576307e-01;-9.576307e-01;8.025008e-09
1.620010e+01;-8.813252e-01;-8.813252e-01;1.448681e-08
1.640010e+01;-7.698841e-01;-7.698841e-01;2.267625e-08
1.660010e+01;-6.277502e-01;-6.277502e-01;3.433642e-08
1.680010e+01;-4.605898e-01;-4.605898e-01;5.400740e-08
1.700010e+01;-2.750672e-01;-2.750672e-01;9.912202e-08
1.720010e+01;-7.857850e-02;-7.857848e-02;3.640269e-07
1.740010e+01;1.210429e-01;1.210429e-01;2.380497e-07
1.760010e+01;3.158386e-01;3.158387e-01;8.820633e-08
1.780010e+01;4.980429e-01;4.980429e-01;5.170476e-08
1.800010e+01;6.603918e-01;6.603918e-01;3.414752e-08
1.820010e+01;7.964129e-01;7.964130e-01;2.305800e-08
1.840010e+01;9.006836e-01;9.006836e-01;1.480976e-08
1.860010e+01;9.690469e-01;9.690469e-01;7.907662e-09
1.880010e+01;9.987773e-01;9.987773e-01;1.554764e-09
1.900010e+01;9.886896e-01;9.886896e-01;4.805906e-09
1.920010e+01;9.391860e-01;9.391860e-01;1.170978e-08
1.940010e+01;8.522400e-01;8.522400e-01;1.986518e-08
1.960010e+01;7.313179e-01;7.313179e-01;3.049322e-08
1.980010e+01;5.812404e-01;5.812404e-01;4.624341e-08
0.000000e+00;1.000000e+00;1.000000e+00;0.000000e+00
2.001000e-01;9.800467e-01;9.800467e-01;9.742309e-15
4.001000e-01;9.210220e-01;9.210220e-01;3.194376e-14
6.001000e-01;8.252791e-01;8.252791e-01;6.322768e-14
8.001000e-01;6.966350e-01;6.966350e-01;1.070962e-13
1.000100e+00;5.402182e-01;5.402182e-01;1.921554e-13
1.200100e+00;3.622645e-01;3.622645e-01;3.473809e-13
1.400100e+00;1.698686e-01;1.698686e-01;8.478535e-13
1.600100e+00;-2.929948e-02;-2.929948e-02;5.300059e-12
1.800100e+00;-2.272995e-01;-2.272995e-01;6.879686e-13
2.000100e+00;-4.162378e-01;-4.162378e-01;3.472800e-13
2.200000e+00;-5.885011e-01;-5.885011e-01;4.073011e-13
2.400000e+00;-7.373937e-01;-7.373937e-01;7.028160e-13
2.600000e+00;-8.568888e-01;-8.568888e-01;7.622275e-13
2.800000e+00;-9.422223e-01;-9.422223e-01;6.598495e-13
3.000000e+00;-9.899925e-01;-9.899925e-01;4.163929e-13
3.200000e+00;-9.982948e-01;-9.982948e-01;1.290059e-14
3.400000e+00;-9.667982e-01;-9.667982e-01;5.725675e-13
3.600000e+00;-8.967584e-01;-8.967584e-01;1.404061e-12
3.800000e+00;-7.909677e-01;-7.909677e-01;2.612991e-12
4.000000e+00;-6.536436e-01;-6.536436e-01;4.480171e-12
4.200000e+00;-4.902608e-01;-4.902608e-01;6.137286e-12
4.400000e+00;-3.073329e-01;-3.073329e-01;9.372307e-12
4.600000e+00;-1.121525e-01;-1.121525e-01;2.304552e-11
4.800000e+00;8.749898e-02;8.749898e-02;2.477634e-11
5.000000e+00;2.836622e-01;2.836622e-01;5.934047e-12
5.200000e+00;4.685167e-01;4.685167e-01;2.532925e-12
5.400000e+00;6.346929e-01;6.346929e-01;1.156415e-12
5.600000e+00;7.755659e-01;7.755659e-01;4.825589e-13
5.800100e+00;8.855660e-01;8.855660e-01;1.649853e-13
6.000100e+00;9.601982e-01;9.601982e-01;7.897144e-14
6.200100e+00;9.965504e-01;9.965504e-01;1.822612e-13
6.400100e+00;9.931733e-01;9.931733e-01;4.680456e-13
6.600100e+00;9.502014e-01;9.502014e-01;9.592630e-13
6.800100e+00;8.693481e-01;8.693481e-01;1.722775e-12
7.000100e+00;7.538366e-01;7.538366e-01;2.895600e-12
7.200100e+00;6.082719e-01;6.082719e-01;4.795735e-12
7.400100e+00;4.384575e-01;4.384575e-01;8.317859e-12
7.600100e+00;2.511630e-01;2.511630e-01;1.715352e-11
7.800100e+00;5.385557e-02;5.385557e-02;8.991027e-11
8.000100e+00;-1.455990e-01;-1.455990e-01;3.564787e-11
8.200100e+00;-3.392489e-01;-3.392489e-01;1.562842e-11
8.400100e+00;-5.193741e-01;-5.193741e-01;9.888190e-12
8.600100e+00;-6.787935e-01;-6.787935e-01;6.877626e-12
8.800100e+00;-8.111515e-01;-8.111515e-01;4.792229e-12
9.000100e+00;-9.111715e-01;-9.111715e-01;3.069658e-12
9.200100e+00;-9.748659e-01;-9.748659e-01;1.458863e-12
9.400100e+00;-9.996955e-01;-9.996955e-01;1.905723e-13
9.600100e+00;-9.846704e-01;-9.846704e-01;2.013502e-12
9.800100e+00;-9.303896e-01;-9.303896e-01;4.162547e-12
1.000010e+01;-8.390171e-01;-8.390171e-01;6.887741e-12
1.020010e+01;-7.141957e-01;-7.141957e-01;1.065009e-11
1.040010e+01;-5.609015e-01;-5.609015e-01;1.651851e-11
1.060010e+01;-3.852459e-01;-3.852459e-01;2.765284e-11
1.080010e+01;-1.942318e-01;-1.942318e-01;6.016415e-11
1.100010e+01;4.525697e-03;4.525697e-03;2.714445e-09
1.120010e+01;2.031028e-01;2.031028e-01;6.100950e-11
1.140010e+01;3.935828e-01;3.935828e-01;3.039397e-11
1.160010e+01;5.683719e-01;5.683719e-01;1.931637e-11
1.180010e+01;7.205018e-01;7.205018e-01;1.311508e-11
1.200010e+01;8.439076e-01;8.439076e-01;8.779879e-12
1.220010e+01;9.336695e-01;9.336695e-01;5.269362e-12
1.240010e+01;9.862089e-01;9.862089e-01;2.085449e-12
1.260010e+01;9.994312e-01;9.994312e-01;1.074641e-12
1.280010e+01;9.728094e-01;9.728094e-01;4.468696e-12
1.300010e+01;9.074048e-01;9.074048e-01;8.400407e-12
1.320010e+01;8.058247e-01;8.058247e-01;1.335106e-11
1.340010e+01;6.721190e-01;6.721190e-01;2.025567e-11
1.360010e+01;5.116181e-01;5.116181e-01;3.136638e-11
1.380010e+01;3.307205e-01;3.307205e-01;5.423306e-11
1.400010e+01;1.366382e-01;1.366382e-01;1.402722e-10
1.420010e+01;-6.289153e-02;-6.289153e-02;3.125132e-10
1.440010e+01;-2.599139e-01;-2.599139e-01;7.442346e-11
1.460010e+01;-4.465744e-01;-4.465744e-01;4.077408e-11
1.480010e+01;-6.154313e-01;-6.154313e-01;2.642463e-11
1.500010e+01;-7.597529e-01;-7.597529e-01;1.784241e-11
1.520010e+01;-8.737856e-01;-8.737856e-01;1.162793e-11
1.540010e+01;-9.529832e-01;-9.529832e-01;6.506511e-12
1.560010e+01;-9.941884e-01;-9.941884e-01;1.825044e-12
1.580010e+01;-9.957584e-01;-9.957584e-01;2.841010e-12
1.600010e+01;-9.576307e-01;-9.576307e-01;7.879943e-12
1.620010e+01;-8.813252e-01;-8.813252e-01;1.377579e-11
1.640010e+01;-7.698841e-01;-7.698841e-01;2.130795e-11
1.660010e+01;-6.277502e-01;-6.277502e-01;3.211219e-11
1.680010e+01;-4.605898e-01;-4.605898e-01;5.041912e-11
1.700010e+01;-2.750672e-01;-2.750672e-01;9.249390e-11
1.720010e+01;-7.857850e-02;-7.857850e-02;3.397256e-10
1.740010e+01;1.210429e-01;1.210429e-01;2.221917e-10
1.760010e+01;3.158386e-01;3.158386e-01;8.230797e-11
1.780010e+01;4.980429e-01;4.980429e-01;4.819290e-11
1.800010e+01;6.603918e-01;6.603918e-01;3.173842e-11
1.820010e+01;7.964129e-01;7.964129e-01;2.128543e-11
1.840010e+01;9.006836e-01;9.006836e-01;1.345752e-11
1.860010e+01;9.690469e-01;9.690469e-01;6.843294e-12
1.880010e+01;9.987773e-01;9.987773e-01;6.992963e-13
1.900010e+01;9.886896e-01;9.886896e-01;5.510973e-12
1.920010e+01;9.391860e-01;9.391860e-01;1.230980e-11
1.940010e+01;8.522400e-01;8.522400e-01;2.039682e-11
1.960010e+01;7.313179e-01;7.313179e-01;3.099607e-11
1.980010e+01;5.812404e-01;5.812404e-01;4.676040e-11
0.000000e+00;1.000000e+00;1.000000e+00;0.000000e+00
2.001000e-01;9.800467e-01;9.800467e-01;3.285197e-15
4.001000e-01;9.210220e-01;9.210220e-01;1.434456e-14
6.001000e-01;8.252791e-01;8.252791e-01;3.390080e-14
8.001000e-01;6.966350e-01;6.966350e-01;7.315056e-14
1.000100e+00;5.402182e-01;5.402182e-01;1.463258e-13
1.200100e+00;3.622645e-01;3.622645e-01;2.945152e-13
1.400100e+00;1.698686e-01;1.698686e-01;7.870708e-13
1.600100e+00;-2.929948e-02;-2.929948e-02;5.329189e-12
1.800100e+00;-2.272995e-01;-2.272995e-01;7.552513e-13
2.000100e+00;-4.162378e-01;-4.162378e-01;4.336999e-13
2.200000e+00;-5.885011e-01;-5.885011e-01;3.067492e-13
2.400000e+00;-7.373937e-01;-7.373937e-01;6.002844e-13
2.600000e+00;-8.568888e-01;-8.568888e-01;6.527456e-13
2.800000e+00;-9.422223e-01;-9.422223e-01;5.476750e-13
3.000000e+00;-9.899925e-01;-9.899925e-01;2.920245e-13
3.200000e+00;-9.982948e-01;-9.982948e-01;1.164389e-13
3.400000e+00;-9.667982e-01;-9.667982e-01;7.092212e-13
3.600000e+00;-8.967584e-01;-8.967584e-01;1.547427e-12
3.800000e+00;-7.909677e-01;-7.909677e-01;2.766407e-12
4.000000e+00;-6.536436e-01;-6.536436e-01;4.636774e-12
4.200000e+00;-4.902608e-01;-4.902608e-01;6.295352e-12
4.400000e+00;-3.073329e-01;-3.073329e-01;9.531255e-12
4.600000e+00;-1.121525e-01;-1.121525e-01;2.317644e-11
4.800000e+00;8.749898e-02;8.749898e-02;2.453828e-11
5.000000e+00;2.836622e-01;2.836622e-01;5.727197e-12
5.200000e+00;4.685167e-01;4.685167e-01;2.319774e-12
5.400000e+00;6.346929e-01;6.346929e-01;9.349628e-13
5.600000e+00;7.755659e-01;7.755659e-01;2.565249e-13
5.800100e+00;8.855660e-01;8.855660e-01;7.271388e-14
6.000100e+00;9.601982e-01;9.601982e-01;1.695053e-13
6.200100e+00;9.965504e-01;9.965504e-01;7.285992e-14
6.400100e+00;9.931733e-01;9.931733e-01;2.082563e-13
6.600100e+00;9.502014e-01;9.502014e-01;6.895944e-13
6.800100e+00;8.693481e-01;8.693481e-01;1.451396e-12
7.000100e+00;7.538366e-01;7.538366e-01;2.625054e-12
7.200100e+00;6.082719e-01;6.082719e-01;4.517756e-12
7.400100e+00;4.384575e-01;4.384575e-01;8.038314e-12
7.600100e+00;2.511630e-01;2.511630e-01;1.688433e-11
7.800100e+00;5.385557e-02;5.385557e-02;8.982034e-11
8.000100e+00;-1.455990e-01;-1.455990e-01;3.605734e-11
8.200100e+00;-3.392489e-01;-3.392489e-01;1.599332e-11
8.400100e+00;-5.193741e-01;-5.193741e-01;1.025522e-11
8.600100e+00;-6.787935e-01;-6.787935e-01;7.244815e-12
8.800100e+00;-8.111515e-01;-8.111515e-01;5.158083e-12
9.000100e+00;-9.111715e-01;-9.111715e-01;3.435317e-12
9.200100e+00;-9.748659e-01;-9.748659e-01;1.833771e-12
9.400100e+00;-9.996955e-01;-9.996955e-01;1.920160e-13
9.600100e+00;-9.846704e-01;-9.846704e-01;1.624963e-12
9.800100e+00;-9.303896e-01;-9.303896e-01;3.768882e-12
1.000010e+01;-8.390171e-01;-8.390171e-01;6.490239e-12
1.020010e+01;-7.141957e-01;-7.141957e-01;1.024561e-11
1.040010e+01;-5.609015e-01;-5.609015e-01;1.609809e-11
1.060010e+01;-3.852459e-01;-3.852459e-01;2.723858e-11
1.080010e+01;-1.942318e-01;-1.942318e-01;5.977046e-11
1.100010e+01;4.525697e-03;4.525697e-03;2.717473e-09
1.120010e+01;2.031028e-01;2.031028e-01;6.152347e-11
1.140010e+01;3.935828e-01;3.935828e-01;3.089240e-11
1.160010e+01;5.683719e-01;5.683719e-01;1.981623e-11
1.180010e+01;7.205018e-01;7.205018e-01;1.362034e-11
1.200010e+01;8.439076e-01;8.439076e-01;9.284664e-12
1.220010e+01;9.336695e-01;9.336695e-01;5.781862e-12
1.240010e+01;9.862089e-01;9.862089e-01;2.603969e-12
1.260010e+01;9.994312e-01;9.994312e-01;5.506508e-13
1.280010e+01;9.728094e-01;9.728094e-01;3.937556e-12
1.300010e+01;9.074048e-01;9.074048e-01;7.867566e-12
1.320010e+01;8.058247e-01;8.058247e-01;1.281911e-11
1.340010e+01;6.721190e-01;6.721190e-01;1.971982e-11
1.360010e+01;5.116181e-01;5.116181e-01;3.083603e-11
1.380010e+01;3.307205e-01;3.307205e-01;5.370300e-11
1.400010e+01;1.366382e-01;1.366382e-01;1.397958e-10
1.420010e+01;-6.289153e-02;-6.289153e-02;3.133314e-10
1.440010e+01;-2.599139e-01;-2.599139e-01;7.507380e-11
1.460010e+01;-4.465744e-01;-4.465744e-01;4.141176e-11
1.480010e+01;-6.154313e-01;-6.154313e-01;2.706775e-11
1.500010e+01;-7.597529e-01;-7.597529e-01;1.848070e-11
1.520010e+01;-8.737856e-01;-8.737856e-01;1.226360e-11
1.540010e+01;-9.529832e-01;-9.529832e-01;7.145861e-12
1.560010e+01;-9.941884e-01;-9.941884e-01;2.466707e-12
1.580010e+01;-9.957584e-01;-9.957584e-01;2.199355e-12
1.600010e+01;-9.576307e-01;-9.576307e-01;7.233029e-12
1.620010e+01;-8.813252e-01;-8.813252e-01;1.312477e-11
1.640010e+01;-7.698841e-01;-7.698841e-01;2.066378e-11
1.660010e+01;-6.277502e-01;-6.277502e-01;3.145604e-11
1.680010e+01;-4.605898e-01;-4.605898e-01;4.976469e-11
1.700010e+01;-2.750672e-01;-2.750672e-01;9.185497e-11
1.720010e+01;-7.857850e-02;-7.857850e-02;3.392080e-10
1.740010e+01;1.210429e-01;1.210429e-01;2.230102e-10
1.760010e+01;3.158386e-01;3.158386e-01;8.305741e-11
1.780010e+01;4.980429e-01;4.980429e-01;4.893198e-11
1.800010e+01;6.603918e-01;6.603918e-01;3.247426e-11
1.820010e+01;7.964129e-01;7.964129e-01;2.202329e-11
1.840010e+01;9.006836e-01;9.006836e-01;1.420266e-11
1.860010e+01;9.690469e-01;9.690469e-01;7.590511e-12
1.880010e+01;9.987773e-01;9.987773e-01;1.449392e-12
1.900010e+01;9.886896e-01;9.886896e-01;4.749630e-12
1.920010e+01;9.391860e-01;9.391860e-01;1.154321e-11
1.940010e+01;8.522400e-01;8.522400e-01;1.962314e-11
1.960010e+01;7.313179e-01;7.313179e-01;3.021879e-11
1.980010e+01;5.812404e-01;5.812404e-01;4.598261e-11
