0.000000e+00;1.000000e+00;1.000000e+00;0.000000e+00
2.000000e-01;9.800666e-01;9.900000e-01;1.013546e-02
4.000000e-01;9.210610e-01;9.401000e-01;2.067073e-02
7.000000e-01;7.648422e-01;7.934930e-01;3.745977e-02
9.000000e-01;6.216100e-01;6.525161e-01;4.971948e-02
1.100000e+00;4.535961e-01;4.825396e-01;6.380903e-02
1.200000e+00;3.623578e-01;3.885809e-01;7.236823e-02
1.400000e+00;1.699671e-01;1.871269e-01;1.009594e-01
1.600000e+00;-2.919952e-02;-2.588010e-02;1.136807e-01
1.800000e+00;-2.272021e-01;-2.421308e-01;6.570662e-02
2.000000e+00;-4.161468e-01;-4.530187e-01;8.860289e-02
2.200000e+00;-5.885011e-01;-6.499793e-01;1.044657e-01
2.400000e+00;-7.373937e-01;-8.248347e-01;1.185812e-01
2.600000e+00;-8.568888e-01;-9.701289e-01;1.321526e-01
2.800000e+00;-9.422223e-01;-1.079441e+00;1.456332e-01
3.000000e+00;-9.899925e-01;-1.147665e+00;1.592666e-01
3.200000e+00;-9.982948e-01;-1.171239e+00;1.732397e-01
3.400000e+00;-9.667982e-01;-1.148320e+00;1.877558e-01
3.600000e+00;-8.967584e-01;-1.078893e+00;2.031031e-01
3.800000e+00;-7.909677e-01;-9.648065e-01;2.197799e-01
4.000000e+00;-6.536436e-01;-8.097382e-01;2.388069e-01
4.200000e+00;-4.902608e-01;-6.190826e-01;2.627618e-01
4.500000e+00;-2.107958e-01;-2.818925e-01;3.372776e-01
4.700000e+00;-1.238866e-02;-3.532391e-02;1.851309e+00
4.900000e+00;1.865124e-01;2.176172e-01;1.667708e-01
5.100000e+00;3.779777e-01;4.669160e-01;2.353001e-01
5.300000e+00;5.543743e-01;7.025023e-01;2.671984e-01
5.500000e+00;7.086698e-01;9.146536e-01;2.906626e-01
5.700000e+00;8.347128e-01;1.094391e+00;3.110995e-01
5.900000e+00;9.274784e-01;1.233857e+00;3.303350e-01
6.100000e+00;9.832684e-01;1.326648e+00;3.492228e-01
6.300000e+00;9.998586e-01;1.368106e+00;3.682993e-01
6.500000e+00;9.765876e-01;1.355536e+00;3.880329e-01
6.700000e+00;9.143831e-01;1.288356e+00;4.089892e-01
6.900000e+00;8.157251e-01;1.168163e+00;4.320546e-01
7.100000e+00;6.845467e-01;9.987105e-01;4.589371e-01
7.300000e+00;5.260775e-01;7.858039e-01;4.937037e-01
7.500000e+00;3.466353e-01;5.371071e-01;5.494876e-01
7.700000e+00;1.533739e-01;2.618735e-01;7.074196e-01
7.900000e+00;-4.600213e-02;-2.939336e-02;3.610433e-01
8.100000e+00;-2.435442e-01;-3.253361e-01;3.358402e-01
8.300000e+00;-4.313768e-01;-6.141812e-01;4.237696e-01
8.500000e+00;-6.020119e-01;-8.842035e-01;4.687476e-01
8.700000e+00;-7.486466e-01;-1.124197e+00;5.016386e-01
8.900000e+00;-8.654352e-01;-1.323933e+00;5.297892e-01
9.100000e+00;-9.477216e-01;-1.474595e+00;5.559371e-01
9.300000e+00;-9.922253e-01;-1.569154e+00;5.814492e-01
9.500000e+00;-9.971722e-01;-1.602690e+00;6.072353e-01
9.700000e+00;-9.623649e-01;-1.572633e+00;6.341336e-01
9.900000e+00;-8.891912e-01;-1.478909e+00;6.632066e-01
1.010000e+01;-7.805682e-01;-1.323996e+00;6.961956e-01
1.030000e+01;-6.408264e-01;-1.112878e+00;7.366294e-01
1.050000e+01;-4.755369e-01;-8.528898e-01;7.935302e-01
1.070000e+01;-2.912893e-01;-5.534750e-01;9.000871e-01
1.090000e+01;-9.542885e-02;-2.258476e-01;1.366660e+00
1.110000e+01;1.042360e-01;1.174216e-01;1.264973e-01
1.130000e+01;2.997453e-01;4.628819e-01;5.442505e-01
1.150000e+01;4.833048e-01;7.967244e-01;6.484928e-01
1.170000e+01;6.475963e-01;1.105328e+00;7.068171e-01
1.190000e+01;7.860703e-01;1.375812e+00;7.502402e-01
1.210000e+01;8.932061e-01;1.596562e+00;7.874507e-01
1.230000e+01;9.647326e-01;1.757727e+00;8.219834e-01
1.250000e+01;9.977983e-01;1.851646e+00;8.557321e-01
1.270000e+01;9.910849e-01;1.873203e+00;8.900527e-01
1.290000e+01;9.448600e-01;1.820077e+00;9.262925e-01
1.310000e+01;8.609666e-01;1.692898e+00;9.662760e-01
1.330000e+01;7.427492e-01;1.495278e+00;1.013167e+00
1.350000e+01;5.949207e-01;1.233725e+00;1.073763e+00
1.370000e+01;4.233745e-01;9.174420e-01;1.166975e+00
1.390000e+01;2.349498e-01;5.580127e-01;1.375029e+00
1.410000e+01;3.715838e-02;1.689825e-01;3.547628e+00
1.430000e+01;-1.621144e-01;-2.346434e-01;4.473936e-01
1.450000e+01;-3.549243e-01;-6.369730e-01;7.946729e-01
1.470000e+01;-5.335844e-01;-1.021847e+00;9.150612e-01
1.490000e+01;-6.909722e-01;-1.373480e+00;9.877507e-01
1.510000e+01;-8.208131e-01;-1.677105e+00;1.043224e+00
1.530000e+01;-9.179308e-01;-1.919581e+00;1.091205e+00
1.550000e+01;-9.784535e-01;-2.089956e+00;1.135979e+00
1.570000e+01;-9.999683e-01;-2.179948e+00;1.180017e+00
1.590000e+01;-9.816175e-01;-2.184332e+00;1.225238e+00
1.610000e+01;-9.241328e-01;-2.101213e+00;1.273714e+00
1.630000e+01;-8.298058e-01;-1.932165e+00;1.328455e+00
1.650000e+01;-7.023971e-01;-1.682239e+00;1.394997e+00
1.670000e+01;-5.469860e-01;-1.359832e+00;1.486045e+00
1.690000e+01;-3.697683e-01;-9.764150e-01;1.640613e+00
1.700000e+01;-2.751633e-01;-7.661582e-01;1.784376e+00
1.720000e+01;-7.867819e-02;-3.184547e-01;3.047560e+00
1.740000e+01;1.209436e-01;1.510177e-01;2.486624e-01
1.760000e+01;3.157438e-01;6.238707e-01;9.758766e-01
1.780000e+01;4.979562e-01;1.081211e+00;1.171297e+00
1.800000e+01;6.603167e-01;1.504387e+00;1.278281e+00
1.820000e+01;7.963525e-01;1.875743e+00;1.355418e+00
1.840000e+01;9.006402e-01;2.179346e+00;1.419774e+00
1.860000e+01;9.690222e-01;2.401660e+00;1.478436e+00
1.880000e+01;9.987724e-01;2.532135e+00;1.535248e+00
1.900000e+01;9.887046e-01;2.563695e+00;1.592983e+00
1.920000e+01;9.392203e-01;2.493084e+00;1.654419e+00
1.940000e+01;8.522923e-01;2.321082e+00;1.723340e+00
1.960000e+01;7.313861e-01;2.052547e+00;1.806380e+00
1.980000e+01;5.813218e-01;1.696308e+00;1.918018e+00
0.000000e+00;1.000000e+00;1.000000e+00;0.000000e+00
2.000000e-01;9.800666e-01;9.800250e-01;4.242349e-05
4.000000e-01;9.210610e-01;9.208480e-01;2.312479e-04
7.000000e-01;7.648422e-01;7.641592e-01;8.929706e-04
9.000000e-01;6.216100e-01;6.205076e-01;1.773371e-03
1.100000e+00;4.535961e-01;4.520286e-01;3.455870e-03
1.200000e+00;3.623578e-01;3.605526e-01;4.981560e-03
1.400000e+00;1.699671e-01;1.677036e-01;1.331771e-02
1.600000e+00;-2.919952e-02;-3.186329e-02;9.122650e-02
1.800000e+00;-2.272021e-01;-2.301656e-01;1.304349e-02
2.000000e+00;-4.161468e-01;-4.192712e-01;7.507845e-03
2.200000e+00;-5.885011e-01;-5.916154e-01;5.291906e-03
2.400000e+00;-7.373937e-01;-7.403036e-01;3.946199e-03
2.600000e+00;-8.568888e-01;-8.593871e-01;2.915620e-03
2.800000e+00;-9.422223e-01;-9.441011e-01;1.993947e-03
3.000000e+00;-9.899925e-01;-9.910552e-01;1.073487e-03
3.200000e+00;-9.982948e-01;-9.983695e-01;7.488810e-05
3.400000e+00;-9.667982e-01;-9.657494e-01;1.084794e-03
3.600000e+00;-8.967584e-01;-8.944977e-01;2.521002e-03
3.800000e+00;-7.909677e-01;-7.874625e-01;4.431564e-03
4.000000e+00;-6.536436e-01;-6.489234e-01;7.221343e-03
4.200000e+00;-4.902608e-01;-4.844205e-01;1.191264e-02
4.500000e+00;-2.107958e-01;-2.035951e-01;3.415979e-02
4.700000e+00;-1.238866e-02;-4.581906e-03;6.301533e-01
4.900000e+00;1.865124e-01;1.946245e-01;4.349366e-02
5.100000e+00;3.779777e-01;3.860558e-01;2.137188e-02
5.300000e+00;5.543743e-01;5.620545e-01;1.385382e-02
5.500000e+00;7.086698e-01;7.155799e-01;9.750780e-03
5.700000e+00;8.347128e-01;8.404897e-01;6.920791e-03
5.900000e+00;9.274784e-01;9.317861e-01;4.644513e-03
6.100000e+00;9.832684e-01;9.858157e-01;2.590602e-03
6.300000e+00;9.998586e-01;1.000415e+00;5.567893e-04
6.500000e+00;9.765876e-01;9.749991e-01;1.626594e-03
6.700000e+00;9.143831e-01;9.105816e-01;4.157451e-03
6.900000e+00;8.157251e-01;8.097377e-01;7.339986e-03
7.100000e+00;6.845467e-01;6.764992e-01;1.175593e-02
7.300000e+00;5.260775e-01;5.161940e-01;1.878710e-02
7.500000e+00;3.466353e-01;3.352331e-01;3.289389e-02
7.700000e+00;1.533739e-01;1.408538e-01;8.163070e-02
7.900000e+00;-4.600213e-02;-5.916931e-02;2.862300e-01
8.100000e+00;-2.435442e-01;-2.568357e-01;5.457553e-02
8.300000e+00;-4.313768e-01;-4.442385e-01;2.981547e-02
8.500000e+00;-6.020119e-01;-6.138812e-01;1.971608e-02
8.700000e+00;-7.486466e-01;-7.589771e-01;1.379887e-02
8.900000e+00;-8.654352e-01;-8.737212e-01;9.574363e-03
9.100000e+00;-9.477216e-01;-9.535222e-01;6.120533e-03
9.300000e+00;-9.922253e-01;-9.951862e-01;2.984105e-03
9.500000e+00;-9.971722e-01;-9.970449e-01;1.275872e-04
9.700000e+00;-9.623649e-01;-9.590219e-01;3.473688e-03
9.900000e+00;-8.891912e-01;-8.826361e-01;7.371882e-03
1.010000e+01;-7.805682e-01;-7.709411e-01;1.233344e-02
1.030000e+01;-6.408264e-01;-6.284028e-01;1.938685e-02
1.050000e+01;-4.755369e-01;-4.607213e-01;3.115559e-02
1.070000e+01;-2.912893e-01;-2.746025e-01;5.728581e-02
1.090000e+01;-9.542885e-02;-7.749038e-02;1.879775e-01
1.110000e+01;1.042360e-01;1.227313e-01;1.774360e-01
1.130000e+01;2.997453e-01;3.180536e-01;6.107954e-02
1.150000e+01;4.833048e-01;5.006637e-01;3.591710e-02
1.170000e+01;6.475963e-01;6.632563e-01;2.418161e-02
1.190000e+01;7.860703e-01;7.993267e-01;1.686419e-02
1.210000e+01;8.932061e-01;9.034309e-01;1.144734e-02
1.230000e+01;9.647326e-01;9.714031e-01;6.914360e-03
1.250000e+01;9.977983e-01;1.000523e+00;2.730308e-03
1.270000e+01;9.910849e-01;9.896226e-01;1.475447e-03
1.290000e+01;9.448600e-01;9.391371e-01;6.056882e-03
1.310000e+01;8.609666e-01;8.510837e-01;1.147889e-02
1.330000e+01;7.427492e-01;7.289825e-01;1.853479e-02
1.350000e+01;5.949207e-01;5.777159e-01;2.891950e-02
1.370000e+01;4.233745e-01;4.033330e-01;4.733751e-02
1.390000e+01;2.349498e-01;2.128082e-01;9.423979e-02
1.410000e+01;3.715838e-02;1.376149e-02;6.296531e-01
1.430000e+01;-1.621144e-01;-1.858456e-01;1.463854e-01
1.450000e+01;-3.549243e-01;-3.780289e-01;6.509735e-02
1.470000e+01;-5.335844e-01;-5.551006e-01;4.032396e-02
1.490000e+01;-6.909722e-01;-7.099772e-01;2.750472e-02
1.510000e+01;-8.208131e-01;-8.364624e-01;1.906560e-02
1.530000e+01;-9.179308e-01;-9.294954e-01;1.259860e-02
1.550000e+01;-9.784535e-01;-9.853533e-01;7.051779e-03
1.570000e+01;-9.999683e-01;-1.001800e+00;1.831598e-03
1.590000e+01;-9.816175e-01;-9.781752e-01;3.506812e-03
1.610000e+01;-9.241328e-01;-9.154224e-01;9.425521e-03
1.630000e+01;-8.298058e-01;-8.160495e-01;1.657772e-02
1.650000e+01;-7.023971e-01;-6.840297e-01;2.614954e-02
1.670000e+01;-5.469860e-01;-5.246421e-01;4.084907e-02
1.690000e+01;-3.697683e-01;-3.442608e-01;6.898218e-02
1.700000e+01;-2.751633e-01;-2.484269e-01;9.716560e-02
1.720000e+01;-7.867819e-02;-5.026613e-02;3.611174e-01
1.740000e+01;1.209436e-01;1.499152e-01;2.395465e-01
1.760000e+01;3.157438e-01;3.441100e-01;8.983933e-02
1.780000e+01;4.979562e-01;5.245500e-01;5.340594e-02
1.800000e+01;6.603167e-01;6.840171e-01;3.589247e-02
1.820000e+01;7.963525e-01;8.161315e-01;2.483699e-02
1.840000e+01;9.006402e-01;9.156072e-01;1.661820e-02
1.860000e+01;9.690222e-01;9.784636e-01;9.743220e-03
1.880000e+01;9.987724e-01;1.002185e+00;3.416427e-03
1.900000e+01;9.887046e-01;9.858194e-01;2.918189e-03
1.920000e+01;9.392203e-01;9.300206e-01;9.795090e-03
1.940000e+01;8.522923e-01;8.370182e-01;1.792124e-02
1.960000e+01;7.313861e-01;7.105304e-01;2.851529e-02
1.980000e+01;5.813218e-01;5.556151e-01;4.422117e-02
0.000000e+00;1.000000e+00;1.000000e+00;0.000000e+00
2.000000e-01;9.800666e-01;9.800583e-01;8.440534e-06
4.000000e-01;9.210610e-01;9.210452e-01;1.717409e-05
7.000000e-01;7.648422e-01;7.648185e-01;3.103210e-05
9.000000e-01;6.216100e-01;6.215844e-01;4.115031e-05
1.100000e+00;4.535961e-01;4.535721e-01;5.287496e-05
1.200000e+00;3.623578e-01;3.623360e-01;6.010820e-05
1.400000e+00;1.699671e-01;1.699527e-01;8.516058e-05
1.600000e+00;-2.919952e-02;-2.920291e-02;1.159024e-04
1.800000e+00;-2.272021e-01;-2.271909e-01;4.906238e-05
2.000000e+00;-4.161468e-01;-4.161183e-01;6.850402e-05
2.200000e+00;-5.885011e-01;-5.884533e-01;8.129551e-05
2.400000e+00;-7.373937e-01;-7.373256e-01;9.234345e-05
2.600000e+00;-8.568888e-01;-8.568007e-01;1.027598e-04
2.800000e+00;-9.422223e-01;-9.421159e-01;1.129576e-04
3.000000e+00;-9.899925e-01;-9.898706e-01;1.231525e-04
3.200000e+00;-9.982948e-01;-9.981615e-01;1.335036e-04
3.400000e+00;-9.667982e-01;-9.666588e-01;1.441767e-04
3.600000e+00;-8.967584e-01;-8.966191e-01;1.554032e-04
3.800000e+00;-7.909677e-01;-7.908352e-01;1.675791e-04
4.000000e+00;-6.536436e-01;-6.535250e-01;1.815148e-04
4.200000e+00;-4.902608e-01;-4.901631e-01;1.992573e-04
4.500000e+00;-2.107958e-01;-2.107418e-01;2.563229e-04
4.700000e+00;-1.238866e-02;-1.237060e-02;1.457916e-03
4.900000e+00;1.865124e-01;1.864904e-01;1.175502e-04
5.100000e+00;3.779777e-01;3.779134e-01;1.701888e-04
5.300000e+00;5.543743e-01;5.542670e-01;1.935889e-04
5.500000e+00;7.086698e-01;7.085208e-01;2.101512e-04
5.700000e+00;8.347128e-01;8.345257e-01;2.241644e-04
5.900000e+00;9.274784e-01;9.272586e-01;2.370686e-04
6.100000e+00;9.832684e-01;9.830231e-01;2.495270e-04
6.300000e+00;9.998586e-01;9.995967e-01;2.619447e-04
6.500000e+00;9.765876e-01;9.763194e-01;2.746612e-04
6.700000e+00;9.143831e-01;9.141197e-01;2.880726e-04
6.900000e+00;8.157251e-01;8.154781e-01;3.027876e-04
7.100000e+00;6.845467e-01;6.843276e-01;3.199704e-04
7.300000e+00;5.260775e-01;5.258974e-01;3.423862e-04
7.500000e+00;3.466353e-01;3.465040e-01;3.789605e-04
7.700000e+00;1.533739e-01;1.532995e-01;4.848326e-04
7.900000e+00;-4.600213e-02;-4.601330e-02;2.429485e-04
8.100000e+00;-2.435442e-01;-2.434884e-01;2.289591e-04
8.300000e+00;-4.313768e-01;-4.312531e-01;2.868501e-04
8.500000e+00;-6.020119e-01;-6.018220e-01;3.154032e-04
8.700000e+00;-7.486466e-01;-7.483954e-01;3.355869e-04
8.900000e+00;-8.654352e-01;-8.651302e-01;3.523829e-04
9.100000e+00;-9.477216e-01;-9.473732e-01;3.676361e-04
9.300000e+00;-9.922253e-01;-9.918460e-01;3.822536e-04
9.500000e+00;-9.971722e-01;-9.967765e-01;3.968210e-04
9.700000e+00;-9.623649e-01;-9.619685e-01;4.118566e-04
9.900000e+00;-8.891912e-01;-8.888106e-01;4.279959e-04
1.010000e+01;-7.805682e-01;-7.802198e-01;4.462616e-04
1.030000e+01;-6.408264e-01;-6.405261e-01;4.687107e-04
1.050000e+01;-4.755369e-01;-4.752989e-01;5.005906e-04
1.070000e+01;-2.912893e-01;-2.911258e-01;5.611945e-04
1.090000e+01;-9.542885e-02;-9.534956e-02;8.309319e-04
1.110000e+01;1.042360e-01;1.042247e-01;1.084058e-04
1.130000e+01;2.997453e-01;2.996406e-01;3.494706e-04
1.150000e+01;4.833048e-01;4.831075e-01;4.081371e-04
1.170000e+01;6.475963e-01;6.473114e-01;4.399477e-04
1.190000e+01;7.860703e-01;7.857064e-01;4.629213e-04
1.210000e+01;8.932061e-01;8.927755e-01;4.820929e-04
1.230000e+01;9.647326e-01;9.642507e-01;4.994961e-04
1.250000e+01;9.977983e-01;9.972832e-01;5.162007e-04
1.270000e+01;9.910849e-01;9.905567e-01;5.329480e-04
1.290000e+01;9.448600e-01;9.443399e-01;5.504455e-04
1.310000e+01;8.609666e-01;8.604762e-01;5.696229e-04
1.330000e+01;7.427492e-01;7.423094e-01;5.920662e-04
1.350000e+01;5.949207e-01;5.945511e-01;6.211636e-04
1.370000e+01;4.233745e-01;4.230924e-01;6.663202e-04
1.390000e+01;2.349498e-01;2.347693e-01;7.684202e-04
1.410000e+01;3.715838e-02;3.708975e-02;1.847118e-03
1.430000e+01;-1.621144e-01;-1.620651e-01;3.040491e-04
1.450000e+01;-3.549243e-01;-3.547557e-01;4.748894e-04
1.470000e+01;-5.335844e-01;-5.333001e-01;5.327488e-04
1.490000e+01;-6.909722e-01;-6.905806e-01;5.667097e-04
1.510000e+01;-8.208131e-01;-8.203272e-01;5.919137e-04
1.530000e+01;-9.179308e-01;-9.173679e-01;6.131744e-04
1.550000e+01;-9.784535e-01;-9.778345e-01;6.325950e-04
1.570000e+01;-9.999683e-01;-9.993170e-01;6.513617e-04
1.590000e+01;-9.816175e-01;-9.809595e-01;6.703638e-04
1.610000e+01;-9.241328e-01;-9.234947e-01;6.905247e-04
1.630000e+01;-8.298058e-01;-8.292140e-01;7.131497e-04
1.650000e+01;-7.023971e-01;-7.018769e-01;7.406089e-04
1.670000e+01;-5.469860e-01;-5.465602e-01;7.783136e-04
1.690000e+01;-3.697683e-01;-3.694566e-01;8.428605e-04
1.700000e+01;-2.751633e-01;-2.749148e-01;9.033418e-04
1.720000e+01;-7.867819e-02;-7.856497e-02;1.439096e-03
1.740000e+01;1.209436e-01;1.209137e-01;2.471929e-04
1.760000e+01;3.157438e-01;3.155686e-01;5.546646e-04
1.780000e+01;4.979562e-01;4.976396e-01;6.357946e-04
1.800000e+01;6.603167e-01;6.598683e-01;6.791186e-04
1.820000e+01;7.963525e-01;7.957874e-01;7.095378e-04
1.840000e+01;9.006402e-01;8.999788e-01;7.342882e-04
1.860000e+01;9.690222e-01;9.682893e-01;7.563526e-04
1.880000e+01;9.987724e-01;9.979960e-01;7.773208e-04
1.900000e+01;9.887046e-01;9.879153e-01;7.983036e-04
1.920000e+01;9.392203e-01;9.384498e-01;8.203686e-04
1.940000e+01;8.522923e-01;8.515722e-01;8.449279e-04
1.960000e+01;7.313861e-01;7.307466e-01;8.744156e-04
1.980000e+01;5.813218e-01;5.807904e-01;9.141122e-04
0.000000e+00;1.000000e+00;1.000000e+00;0.000000e+00
2.000000e-01;9.800666e-01;9.800666e-01;1.979288e-08
4.000000e-01;9.210610e-01;9.210611e-01;1.126850e-07
7.000000e-01;7.648422e-01;7.648425e-01;4.410307e-07
9.000000e-01;6.216100e-01;6.216105e-01;8.793232e-07
1.100000e+00;4.535961e-01;4.535969e-01;1.718308e-06
1.200000e+00;3.623578e-01;3.623587e-01;2.479741e-06
1.400000e+00;1.699671e-01;1.699683e-01;6.642953e-06
1.600000e+00;-2.919952e-02;-2.919819e-02;4.559144e-05
1.800000e+00;-2.272021e-01;-2.272006e-01;6.531289e-06
2.000000e+00;-4.161468e-01;-4.161453e-01;3.767452e-06
2.200000e+00;-5.885011e-01;-5.884996e-01;2.662274e-06
2.400000e+00;-7.373937e-01;-7.373922e-01;1.991950e-06
2.600000e+00;-8.568888e-01;-8.568875e-01;1.479139e-06
2.800000e+00;-9.422223e-01;-9.422214e-01;1.020813e-06
3.000000e+00;-9.899925e-01;-9.899919e-01;5.631704e-07
3.200000e+00;-9.982948e-01;-9.982947e-01;6.657424e-08
3.400000e+00;-9.667982e-01;-9.667987e-01;5.104049e-07
3.600000e+00;-8.967584e-01;-8.967595e-01;1.225424e-06
3.800000e+00;-7.909677e-01;-7.909694e-01;2.177287e-06
4.000000e+00;-6.536436e-01;-6.536460e-01;3.568193e-06
4.200000e+00;-4.902608e-01;-4.902637e-01;5.908711e-06
4.500000e+00;-2.107958e-01;-2.107994e-01;1.701581e-05
4.700000e+00;-1.238866e-02;-1.239256e-02;3.146706e-04
4.900000e+00;1.865124e-01;1.865083e-01;2.177202e-05
5.100000e+00;3.779777e-01;3.779737e-01;1.072648e-05
5.300000e+00;5.543743e-01;5.543705e-01;6.974561e-06
5.500000e+00;7.086698e-01;7.086663e-01;4.928283e-06
5.700000e+00;8.347128e-01;8.347098e-01;3.517884e-06
5.900000e+00;9.274784e-01;9.274762e-01;2.384109e-06
6.100000e+00;9.832684e-01;9.832671e-01;1.361482e-06
6.300000e+00;9.998586e-01;9.998583e-01;3.489964e-07
6.500000e+00;9.765876e-01;9.765883e-01;7.380700e-07
6.700000e+00;9.143831e-01;9.143850e-01;1.998526e-06
6.900000e+00;8.157251e-01;8.157280e-01;3.584251e-06
7.100000e+00;6.845467e-01;6.845506e-01;5.785670e-06
7.300000e+00;5.260775e-01;5.260824e-01;9.292649e-06
7.500000e+00;3.466353e-01;3.466410e-01;1.633201e-05
7.700000e+00;1.533739e-01;1.533801e-01;4.066012e-05
7.900000e+00;-4.600213e-02;-4.599555e-02;1.429955e-04
8.100000e+00;-2.435442e-01;-2.435375e-01;2.734705e-05
8.300000e+00;-4.313768e-01;-4.313704e-01;1.498942e-05
8.500000e+00;-6.020119e-01;-6.020059e-01;9.951108e-06
8.700000e+00;-7.486466e-01;-7.486414e-01;7.000807e-06
8.900000e+00;-8.654352e-01;-8.654310e-01;4.895666e-06
9.100000e+00;-9.477216e-01;-9.477186e-01;3.175381e-06
9.300000e+00;-9.922253e-01;-9.922237e-01;1.613665e-06
9.500000e+00;-9.971722e-01;-9.971721e-01;6.442476e-08
9.700000e+00;-9.623649e-01;-9.623664e-01;1.601689e-06
9.900000e+00;-8.891912e-01;-8.891943e-01;3.543233e-06
1.010000e+01;-7.805682e-01;-7.805729e-01;6.015369e-06
1.030000e+01;-6.408264e-01;-6.408325e-01;9.531382e-06
1.050000e+01;-4.755369e-01;-4.755443e-01;1.540055e-05
1.070000e+01;-2.912893e-01;-2.912976e-01;2.843688e-05
1.090000e+01;-9.542885e-02;-9.543779e-02;9.365567e-05
1.110000e+01;1.042360e-01;1.042268e-01;8.871235e-05
1.130000e+01;2.997453e-01;2.997362e-01;3.064784e-05
1.150000e+01;4.833048e-01;4.832960e-01;1.809482e-05
1.170000e+01;6.475963e-01;6.475884e-01;1.224275e-05
1.190000e+01;7.860703e-01;7.860635e-01;8.595672e-06
1.210000e+01;8.932061e-01;8.932008e-01;5.897191e-06
1.230000e+01;9.647326e-01;9.647291e-01;3.639927e-06
1.250000e+01;9.977983e-01;9.977967e-01;1.556930e-06
1.270000e+01;9.910849e-01;9.910854e-01;5.367465e-07
1.290000e+01;9.448600e-01;9.448627e-01;2.817719e-06
1.310000e+01;8.609666e-01;8.609714e-01;5.517928e-06
1.330000e+01;7.427492e-01;7.427559e-01;9.033161e-06
1.350000e+01;5.949207e-01;5.949291e-01;1.420898e-05
1.370000e+01;4.233745e-01;4.233844e-01;2.339239e-05
1.390000e+01;2.349498e-01;2.349608e-01;4.678602e-05
1.410000e+01;3.715838e-02;3.717005e-02;3.138894e-04
1.430000e+01;-1.621144e-01;-1.621026e-01;7.326831e-05
1.450000e+01;-3.549243e-01;-3.549127e-01;3.272046e-05
1.470000e+01;-5.335844e-01;-5.335735e-01;2.036692e-05
1.490000e+01;-6.909722e-01;-6.909625e-01;1.397720e-05
1.510000e+01;-8.208131e-01;-8.208051e-01;9.772751e-06
1.530000e+01;-9.179308e-01;-9.179248e-01;6.552279e-06
1.550000e+01;-9.784535e-01;-9.784498e-01;3.790994e-06
1.570000e+01;-9.999683e-01;-9.999671e-01;1.192816e-06
1.590000e+01;-9.816175e-01;-9.816190e-01;1.464163e-06
1.610000e+01;-9.241328e-01;-9.241369e-01;4.410406e-06
1.630000e+01;-8.298058e-01;-8.298124e-01;7.971686e-06
1.650000e+01;-7.023971e-01;-7.024060e-01;1.273954e-05
1.670000e+01;-5.469860e-01;-5.469969e-01;2.006453e-05
1.690000e+01;-3.697683e-01;-3.697809e-01;3.408888e-05
1.700000e+01;-2.751633e-01;-2.751766e-01;4.814124e-05
1.720000e+01;-7.867819e-02;-7.869234e-02;1.797705e-04
1.740000e+01;1.209436e-01;1.209291e-01;1.197925e-04
1.760000e+01;3.157438e-01;3.157295e-01;4.513838e-05
1.780000e+01;4.979562e-01;4.979428e-01;2.697503e-05
1.800000e+01;6.603167e-01;6.603047e-01;1.824734e-05
1.820000e+01;7.963525e-01;7.963423e-01;1.274044e-05
1.840000e+01;9.006402e-01;9.006324e-01;8.648329e-06
1.860000e+01;9.690222e-01;9.690171e-01;5.226534e-06
1.880000e+01;9.987724e-01;9.987703e-01;2.078283e-06
1.900000e+01;9.887046e-01;9.887057e-01;1.073678e-06
1.920000e+01;9.392203e-01;9.392246e-01;4.495835e-06
1.940000e+01;8.522923e-01;8.522996e-01;8.540656e-06
1.960000e+01;7.313861e-01;7.313962e-01;1.381571e-05
1.980000e+01;5.813218e-01;5.813344e-01;2.163911e-05
