0.000000e+00;0.000000e+00;0.000000e+00;nan
2.000000e-01;1.986693e-01;1.988615e-01;9.675315e-04
4.000000e-01;3.894183e-01;3.901856e-01;1.970304e-03
6.000000e-01;5.646425e-01;5.663223e-01;2.975034e-03
8.000000e-01;7.173561e-01;7.202125e-01;3.981808e-03
1.000000e+00;8.414710e-01;8.456706e-01;4.990760e-03
1.200000e+00;9.320391e-01;9.376333e-01;6.002090e-03
1.400000e+00;9.854497e-01;9.923637e-01;7.016099e-03
1.600000e+00;9.995736e-01;1.007603e+00;8.033251e-03
1.800000e+00;9.738476e-01;9.826651e-01;9.054290e-03
2.000000e+00;9.092974e-01;9.184636e-01;1.008048e-02
2.210000e+00;8.025711e-01;8.115326e-01;1.116608e-02
2.410000e+00;6.680556e-01;6.762144e-01;1.221284e-02
2.610000e+00;5.069069e-01;5.136410e-01;1.328474e-02
2.810000e+00;3.255493e-01;3.302452e-01;1.442433e-02
3.010000e+00;1.312132e-01;1.333038e-01;1.593255e-02
3.210000e+00;-6.835401e-02;-6.935141e-02;1.459178e-02
3.410000e+00;-2.651961e-01;-2.696448e-01;1.677496e-02
3.610000e+00;-4.514658e-01;-4.595790e-01;1.797081e-02
3.810000e+00;-6.197368e-01;-6.315538e-01;1.906772e-02
4.010000e+00;-7.633010e-01;-7.786707e-01;2.013590e-02
4.210000e+00;-8.764347e-01;-8.950093e-01;2.119329e-02
4.410000e+00;-9.546278e-01;-9.758653e-01;2.224688e-02
4.610000e+00;-9.947628e-01;-1.017941e+00;2.330036e-02
4.810000e+00;-9.952398e-01;-1.019480e+00;2.435637e-02
5.010000e+00;-9.560398e-01;-9.803400e-01;2.541761e-02
5.210000e+00;-8.787254e-01;-9.020008e-01;2.648773e-02
5.410000e+00;-7.663790e-01;-7.875104e-01;2.757306e-02
5.610000e+00;-6.234795e-01;-6.413652e-01;2.868680e-02
5.810000e+00;-4.557239e-01;-4.693336e-01;2.986395e-02
6.010000e+00;-2.698000e-01;-2.782289e-01;3.124125e-02
6.210000e+00;-7.311999e-02;-7.563881e-02;3.444770e-02
6.410000e+00;1.264751e-01;1.303752e-01;3.083715e-02
6.610000e+00;3.210280e-01;3.315990e-01;3.292868e-02
6.810000e+00;5.027825e-01;5.199931e-01;3.423078e-02
7.010000e+00;6.644926e-01;6.880140e-01;3.539751e-02
7.210000e+00;7.997116e-01;8.289161e-01;3.651874e-02
7.410000e+00;9.030486e-01;9.370222e-01;3.762104e-02
7.610000e+00;9.703838e-01;1.007953e+00;3.871557e-02
7.810000e+00;9.990330e-01;1.038803e+00;3.980850e-02
8.010000e+00;9.878538e-01;1.028261e+00;4.090441e-02
8.210000e+00;9.372920e-01;9.766658e-01;4.200805e-02
8.410000e+00;8.493634e-01;8.859931e-01;4.312607e-02
8.610000e+00;7.275733e-01;7.597832e-01;4.427030e-02
8.810000e+00;5.767772e-01;6.030014e-01;4.546689e-02
9.010000e+00;4.029867e-01;4.218430e-01;4.679122e-02
9.210000e+00;2.131305e-01;2.234882e-01;4.859787e-02
9.410000e+00;1.477742e-02;1.581800e-02;7.041671e-02
9.610000e+00;-1.841648e-01;-1.928991e-01;4.742687e-02
9.810000e+00;-3.757649e-01;-3.943365e-01;4.942329e-02
1.001000e+01;-5.523845e-01;-5.804410e-01;5.079163e-02
1.021000e+01;-7.069822e-01;-7.437556e-01;5.201450e-02
1.041000e+01;-8.333948e-01;-8.777174e-01;5.318321e-02
1.061000e+01;-9.265826e-01;-9.769221e-01;5.432814e-02
1.081000e+01;-9.828305e-01;-1.037341e+00;5.546306e-02
1.101000e+01;-9.998960e-01;-1.056486e+00;5.659606e-02
1.121000e+01;-9.770988e-01;-1.033510e+00;5.773359e-02
1.141000e+01;-9.153477e-01;-9.692459e-01;5.888277e-02
1.161000e+01;-8.171047e-01;-8.661752e-01;6.005417e-02
1.181000e+01;-6.862862e-01;-7.283333e-01;6.126763e-02
1.201000e+01;-5.281077e-01;-5.611513e-01;6.256988e-02
1.221000e+01;-3.488752e-01;-3.712419e-01;6.411079e-02
1.241000e+01;-1.557341e-01;-1.661378e-01;6.680377e-02
1.261000e+01;4.361555e-02;4.600666e-02;5.482263e-02
1.281000e+01;2.412264e-01;2.567399e-01;6.431083e-02
1.301000e+01;4.292203e-01;4.576497e-01;6.623498e-02
1.321000e+01;6.001026e-01;6.406993e-01;6.764951e-02
1.341000e+01;7.470607e-01;7.985481e-01;6.891994e-02
1.361000e+01;8.642358e-01;9.248468e-01;7.013241e-02
1.381000e+01;9.469566e-01;1.014492e+00;7.131859e-02
1.401000e+01;9.919252e-01;1.063834e+00;7.249390e-02
1.421000e+01;9.973488e-01;1.070822e+00;7.366807e-02
1.441000e+01;9.630114e-01;1.035092e+00;7.484952e-02
1.461000e+01;8.902817e-01;9.579860e-01;7.604825e-02
1.481000e+01;7.820592e-01;8.424969e-01;7.728013e-02
1.501000e+01;6.426586e-01;6.931566e-01;7.857679e-02
1.521000e+01;4.776371e-01;5.158569e-01;8.001847e-02
1.541000e+01;2.935738e-01;3.176170e-01;8.189823e-02
1.561000e+01;9.780665e-02;1.063057e-01;8.689629e-02
1.581000e+01;-1.018598e-01;-1.096708e-01;7.668412e-02
1.601000e+01;-2.974654e-01;-3.217032e-01;8.148128e-02
1.621000e+01;-4.812119e-01;-5.213225e-01;8.335323e-02
1.641000e+01;-6.457741e-01;-7.005380e-01;8.480347e-02
1.661000e+01;-7.845913e-01;-8.521573e-01;8.611607e-02
1.681000e+01;-8.921294e-01;-9.700746e-01;8.736992e-02
1.701000e+01;-9.641010e-01;-1.049517e+00;8.859668e-02
1.721000e+01;-9.976370e-01;-1.087238e+00;8.981290e-02
1.741000e+01;-9.914003e-01;-1.081647e+00;9.102986e-02
1.761000e+01;-9.456397e-01;-1.032883e+00;9.225817e-02
1.780000e+01;-8.672022e-01;-9.482405e-01;9.344799e-02
1.800000e+01;-7.509872e-01;-8.221406e-01;9.474637e-02
1.820000e+01;-6.048328e-01;-6.629806e-01;9.613863e-02
1.840000e+01;-4.345656e-01;-4.770458e-01;9.775311e-02
1.860000e+01;-2.469737e-01;-2.717021e-01;1.001260e-01
1.880000e+01;-4.953564e-02;-5.510514e-02;1.124341e-01
1.900000e+01;1.498772e-01;1.641244e-01;9.505939e-02
1.920000e+01;3.433149e-01;3.772435e-01;9.882639e-02
1.940000e+01;5.230658e-01;5.757353e-01;1.006939e-01
1.960000e+01;6.819636e-01;7.516496e-01;1.021844e-01
1.980000e+01;8.136737e-01;8.979215e-01;1.035400e-01
0.000000e+00;0.000000e+00;0.000000e+00;nan
2.000000e-01;1.986693e-01;1.986726e-01;1.646835e-05
4.000000e-01;3.894183e-01;3.894245e-01;1.581765e-05
6.000000e-01;5.646425e-01;5.646508e-01;1.469147e-05
8.000000e-01;7.173561e-01;7.173655e-01;1.304905e-05
1.000000e+00;8.414710e-01;8.414801e-01;1.082609e-05
1.200000e+00;9.320391e-01;9.320465e-01;7.925159e-06
1.400000e+00;9.854497e-01;9.854539e-01;4.199065e-06
1.600000e+00;9.995736e-01;9.995730e-01;5.793184e-07
1.800000e+00;9.738476e-01;9.738410e-01;6.774348e-06
2.000000e+00;9.092974e-01;9.092838e-01;1.500535e-05
2.210000e+00;8.025711e-01;8.025493e-01;2.710208e-05
2.410000e+00;6.680556e-01;6.680259e-01;4.443773e-05
2.610000e+00;5.069069e-01;5.068695e-01;7.364474e-05
2.810000e+00;3.255493e-01;3.255052e-01;1.356685e-04
3.010000e+00;1.312132e-01;1.311635e-01;3.786377e-04
3.210000e+00;-6.835401e-02;-6.840741e-02;7.812361e-04
3.410000e+00;-2.651961e-01;-2.652511e-01;2.070519e-04
3.610000e+00;-4.514658e-01;-4.515196e-01;1.193609e-04
3.810000e+00;-6.197368e-01;-6.197870e-01;8.088569e-05
4.010000e+00;-7.633010e-01;-7.633445e-01;5.706378e-05
4.210000e+00;-8.764347e-01;-8.764690e-01;3.907282e-05
4.410000e+00;-9.546278e-01;-9.546502e-01;2.347662e-05
4.610000e+00;-9.947628e-01;-9.947712e-01;8.467560e-06
4.810000e+00;-9.952398e-01;-9.952326e-01;7.251830e-06
5.010000e+00;-9.560398e-01;-9.560159e-01;2.498765e-05
5.210000e+00;-8.787254e-01;-8.786845e-01;4.651940e-05
5.410000e+00;-7.663790e-01;-7.663216e-01;7.490445e-05
5.610000e+00;-6.234795e-01;-6.234069e-01;1.165481e-04
5.810000e+00;-4.557239e-01;-4.556380e-01;1.884080e-04
6.010000e+00;-2.698000e-01;-2.697037e-01;3.567382e-04
6.210000e+00;-7.311999e-02;-7.301683e-02;1.410880e-03
6.410000e+00;1.264751e-01;1.265811e-01;8.386868e-04
6.610000e+00;3.210280e-01;3.211325e-01;3.258152e-04
6.810000e+00;5.027825e-01;5.028810e-01;1.959749e-04
7.010000e+00;6.644926e-01;6.645805e-01;1.322575e-04
7.210000e+00;7.997116e-01;7.997845e-01;9.110666e-05
7.410000e+00;9.030486e-01;9.031024e-01;5.966016e-05
7.610000e+00;9.703838e-01;9.704154e-01;3.251630e-05
7.810000e+00;9.990330e-01;9.990397e-01;6.696250e-06
8.010000e+00;9.878538e-01;9.878340e-01;2.000617e-05
8.210000e+00;9.372920e-01;9.372453e-01;4.986501e-05
8.410000e+00;8.493634e-01;8.492903e-01;8.605795e-05
8.610000e+00;7.275733e-01;7.274756e-01;1.342365e-04
8.810000e+00;5.767772e-01;5.766578e-01;2.068666e-04
9.010000e+00;4.029867e-01;4.028497e-01;3.399122e-04
9.210000e+00;2.131305e-01;2.129808e-01;7.025084e-04
9.410000e+00;1.477742e-02;1.462063e-02;1.061041e-02
9.610000e+00;-1.841648e-01;-1.843224e-01;8.559802e-04
9.810000e+00;-3.757649e-01;-3.759169e-01;4.044265e-04
1.001000e+01;-5.523845e-01;-5.525242e-01;2.529941e-04
1.021000e+01;-7.069822e-01;-7.071035e-01;1.714835e-04
1.041000e+01;-8.333948e-01;-8.334918e-01;1.163420e-04
1.061000e+01;-9.265826e-01;-9.266503e-01;7.308358e-05
1.081000e+01;-9.828305e-01;-9.828650e-01;3.515752e-05
1.101000e+01;-9.998960e-01;-9.998947e-01;1.287810e-06
1.121000e+01;-9.770988e-01;-9.770604e-01;3.930241e-05
1.141000e+01;-9.153477e-01;-9.152724e-01;8.224435e-05
1.161000e+01;-8.171047e-01;-8.169943e-01;1.350830e-04
1.181000e+01;-6.862862e-01;-6.861440e-01;2.071427e-04
1.201000e+01;-5.281077e-01;-5.279385e-01;3.203701e-04
1.221000e+01;-3.488752e-01;-3.486850e-01;5.451326e-04
1.241000e+01;-1.557341e-01;-1.555301e-01;1.310347e-03
1.261000e+01;4.361555e-02;4.382557e-02;4.815450e-03
1.281000e+01;2.412264e-01;2.414340e-01;8.604778e-04
1.301000e+01;4.292203e-01;4.294169e-01;4.578679e-04
1.321000e+01;6.001026e-01;6.002797e-01;2.950958e-04
1.341000e+01;7.470607e-01;7.472105e-01;2.005223e-04
1.361000e+01;8.642358e-01;8.643514e-01;1.337155e-04
1.381000e+01;9.469566e-01;9.470322e-01;7.980749e-05
1.401000e+01;9.919252e-01;9.919565e-01;3.157773e-05
1.421000e+01;9.973488e-01;9.973334e-01;1.553117e-05
1.441000e+01;9.630114e-01;9.629484e-01;6.542687e-05
1.461000e+01;8.902817e-01;8.901724e-01;1.227587e-04
1.481000e+01;7.820592e-01;7.819068e-01;1.948692e-04
1.501000e+01;6.426586e-01;6.424681e-01;2.963857e-04
1.521000e+01;4.776371e-01;4.774153e-01;4.644011e-04
1.541000e+01;2.935738e-01;2.933289e-01;8.343851e-04
1.561000e+01;9.780665e-02;9.754793e-02;2.645265e-03
1.581000e+01;-1.018598e-01;-1.021221e-01;2.575304e-03
1.601000e+01;-2.974654e-01;-2.977207e-01;8.583590e-04
1.621000e+01;-4.812119e-01;-4.814497e-01;4.941276e-04
1.641000e+01;-6.457741e-01;-6.459842e-01;3.253765e-04
1.661000e+01;-7.845913e-01;-7.847646e-01;2.207958e-04
1.681000e+01;-8.921294e-01;-8.922578e-01;1.439362e-04
1.701000e+01;-9.641010e-01;-9.641783e-01;8.016636e-05
1.721000e+01;-9.976370e-01;-9.976588e-01;2.186325e-05
1.741000e+01;-9.914003e-01;-9.913645e-01;3.616652e-05
1.761000e+01;-9.456397e-01;-9.455463e-01;9.877700e-05
1.780000e+01;-8.672022e-01;-8.670563e-01;1.681632e-04
1.800000e+01;-7.509872e-01;-7.507908e-01;2.615671e-04
1.820000e+01;-6.048328e-01;-6.045926e-01;3.971434e-04
1.840000e+01;-4.345656e-01;-4.342904e-01;6.332981e-04
1.860000e+01;-2.469737e-01;-2.466738e-01;1.214001e-03
1.880000e+01;-4.953564e-02;-4.922281e-02;6.315171e-03
1.900000e+01;1.498772e-01;1.501906e-01;2.091242e-03
1.920000e+01;3.433149e-01;3.436163e-01;8.777614e-04
1.940000e+01;5.230658e-01;5.233426e-01;5.292031e-04
1.960000e+01;6.819636e-01;6.822042e-01;3.527275e-04
1.980000e+01;8.136737e-01;8.138675e-01;2.381796e-04
0.000000e+00;0.000000e+00;0.000000e+00;nan
2.000000e-01;1.986693e-01;1.986693e-01;8.004183e-09
4.000000e-01;3.894183e-01;3.894183e-01;1.635075e-08
6.000000e-01;5.646425e-01;5.646425e-01;2.470683e-08
8.000000e-01;7.173561e-01;7.173561e-01;3.307324e-08
1.000000e+00;8.414710e-01;8.414709e-01;4.145125e-08
1.200000e+00;9.320391e-01;9.320390e-01;4.984282e-08
1.400000e+00;9.854497e-01;9.854497e-01;5.825090e-08
1.600000e+00;9.995736e-01;9.995735e-01;6.668002e-08
1.800000e+00;9.738476e-01;9.738476e-01;7.513748e-08
2.000000e+00;9.092974e-01;9.092974e-01;8.363565e-08
2.210000e+00;8.025711e-01;8.025710e-01;9.262783e-08
2.410000e+00;6.680556e-01;6.680555e-01;1.013081e-07
2.610000e+00;5.069069e-01;5.069068e-01;1.102258e-07
2.810000e+00;3.255493e-01;3.255493e-01;1.197999e-07
3.010000e+00;1.312132e-01;1.312132e-01;1.329930e-07
3.210000e+00;-6.835401e-02;-6.835400e-02;1.181282e-07
3.410000e+00;-2.651961e-01;-2.651961e-01;1.379459e-07
3.610000e+00;-4.514658e-01;-4.514657e-01;1.480333e-07
3.810000e+00;-6.197368e-01;-6.197367e-01;1.571364e-07
4.010000e+00;-7.633010e-01;-7.633009e-01;1.659464e-07
4.210000e+00;-8.764347e-01;-8.764346e-01;1.746398e-07
4.410000e+00;-9.546278e-01;-9.546276e-01;1.832853e-07
4.610000e+00;-9.947628e-01;-9.947626e-01;1.919190e-07
4.810000e+00;-9.952398e-01;-9.952396e-01;2.005670e-07
5.010000e+00;-9.560398e-01;-9.560396e-01;2.092553e-07
5.210000e+00;-8.787254e-01;-8.787252e-01;2.180195e-07
5.410000e+00;-7.663790e-01;-7.663789e-01;2.269207e-07
5.610000e+00;-6.234795e-01;-6.234794e-01;2.360872e-07
5.810000e+00;-4.557239e-01;-4.557238e-01;2.458581e-07
6.010000e+00;-2.698000e-01;-2.697999e-01;2.575584e-07
6.210000e+00;-7.311999e-02;-7.311997e-02;2.869761e-07
6.410000e+00;1.264751e-01;1.264750e-01;2.503155e-07
6.610000e+00;3.210280e-01;3.210279e-01;2.689071e-07
6.810000e+00;5.027825e-01;5.027823e-01;2.798377e-07
7.010000e+00;6.644926e-01;6.644925e-01;2.894456e-07
7.210000e+00;7.997116e-01;7.997114e-01;2.986022e-07
7.410000e+00;9.030486e-01;9.030483e-01;3.075648e-07
7.610000e+00;9.703838e-01;9.703835e-01;3.164412e-07
7.810000e+00;9.990330e-01;9.990326e-01;3.252912e-07
8.010000e+00;9.878538e-01;9.878535e-01;3.341588e-07
8.210000e+00;9.372920e-01;9.372917e-01;3.430896e-07
8.410000e+00;8.493634e-01;8.493631e-01;3.521470e-07
8.610000e+00;7.275733e-01;7.275730e-01;3.614442e-07
8.810000e+00;5.767772e-01;5.767769e-01;3.712304e-07
9.010000e+00;4.029867e-01;4.029866e-01;3.822251e-07
9.210000e+00;2.131305e-01;2.131304e-01;3.978110e-07
9.410000e+00;1.477742e-02;1.477741e-02;6.043158e-07
9.610000e+00;-1.841648e-01;-1.841647e-01;3.833063e-07
9.810000e+00;-3.757649e-01;-3.757648e-01;4.006715e-07
1.001000e+01;-5.523845e-01;-5.523843e-01;4.120339e-07
1.021000e+01;-7.069822e-01;-7.069819e-01;4.219977e-07
1.041000e+01;-8.333948e-01;-8.333945e-01;4.314342e-07
1.061000e+01;-9.265826e-01;-9.265822e-01;4.406329e-07
1.081000e+01;-9.828305e-01;-9.828300e-01;4.497251e-07
1.101000e+01;-9.998960e-01;-9.998955e-01;4.587876e-07
1.121000e+01;-9.770988e-01;-9.770983e-01;4.678814e-07
1.141000e+01;-9.153477e-01;-9.153473e-01;4.770739e-07
1.161000e+01;-8.171047e-01;-8.171043e-01;4.864643e-07
1.181000e+01;-6.862862e-01;-6.862859e-01;4.962391e-07
1.201000e+01;-5.281077e-01;-5.281074e-01;5.068373e-07
1.221000e+01;-3.488752e-01;-3.488750e-01;5.196664e-07
1.241000e+01;-1.557341e-01;-1.557341e-01;5.433053e-07
1.261000e+01;4.361555e-02;4.361553e-02;4.291144e-07
1.281000e+01;2.412264e-01;2.412263e-01;5.165529e-07
1.301000e+01;4.292203e-01;4.292201e-01;5.329392e-07
1.321000e+01;6.001026e-01;6.001023e-01;5.445284e-07
1.341000e+01;7.470607e-01;7.470603e-01;5.547535e-07
1.361000e+01;8.642358e-01;8.642353e-01;5.644233e-07
1.381000e+01;9.469566e-01;9.469560e-01;5.738351e-07
1.401000e+01;9.919252e-01;9.919246e-01;5.831333e-07
1.421000e+01;9.973488e-01;9.973483e-01;5.924090e-07
1.441000e+01;9.630114e-01;9.630108e-01;6.017406e-07
1.461000e+01;8.902817e-01;8.902811e-01;6.112208e-07
1.481000e+01;7.820592e-01;7.820587e-01;6.209967e-07
1.501000e+01;6.426586e-01;6.426582e-01;6.313607e-07
1.521000e+01;4.776371e-01;4.776368e-01;6.430547e-07
1.541000e+01;2.935738e-01;2.935736e-01;6.587885e-07
1.561000e+01;9.780665e-02;9.780659e-02;7.033422e-07
1.581000e+01;-1.018598e-01;-1.018597e-01;6.072569e-07
1.601000e+01;-2.974654e-01;-2.974652e-01;6.499318e-07
1.621000e+01;-4.812119e-01;-4.812116e-01;6.655505e-07
1.641000e+01;-6.457741e-01;-6.457737e-01;6.772593e-07
1.661000e+01;-7.845913e-01;-7.845908e-01;6.876846e-07
1.681000e+01;-8.921294e-01;-8.921287e-01;6.975555e-07
1.701000e+01;-9.641010e-01;-9.641003e-01;7.071645e-07
1.721000e+01;-9.976370e-01;-9.976363e-01;7.166641e-07
1.741000e+01;-9.914003e-01;-9.913996e-01;7.261583e-07
1.761000e+01;-9.456397e-01;-9.456390e-01;7.357440e-07
1.780000e+01;-8.672022e-01;-8.672015e-01;7.450486e-07
1.800000e+01;-7.509872e-01;-7.509867e-01;7.552502e-07
1.820000e+01;-6.048328e-01;-6.048324e-01;7.662953e-07
1.840000e+01;-4.345656e-01;-4.345653e-01;7.793519e-07
1.860000e+01;-2.469737e-01;-2.469735e-01;7.992994e-07
1.880000e+01;-4.953564e-02;-4.953560e-02;9.096554e-07
1.900000e+01;1.498772e-01;1.498771e-01;7.498621e-07
1.920000e+01;3.433149e-01;3.433147e-01;7.824651e-07
1.940000e+01;5.230658e-01;5.230653e-01;7.977697e-07
1.960000e+01;6.819636e-01;6.819631e-01;8.096327e-07
1.980000e+01;8.136737e-01;8.136731e-01;8.202571e-07
0.000000e+00;0.000000e+00;0.000000e+00;nan
2.000000e-01;1.986693e-01;1.986693e-01;8.235542e-11
4.000000e-01;3.894183e-01;3.894183e-01;7.911649e-11
6.000000e-01;5.646425e-01;5.646425e-01;7.349926e-11
8.000000e-01;7.173561e-01;7.173561e-01;6.530179e-11
1.000000e+00;8.414710e-01;8.414710e-01;5.420120e-11
1.200000e+00;9.320391e-01;9.320391e-01;3.971096e-11
1.400000e+00;9.854497e-01;9.854497e-01;2.109441e-11
1.600000e+00;9.995736e-01;9.995736e-01;2.782961e-12
1.800000e+00;9.738476e-01;9.738476e-01;3.374352e-11
2.000000e+00;9.092974e-01;9.092974e-01;7.488404e-11
2.210000e+00;8.025711e-01;8.025711e-01;1.353499e-10
2.410000e+00;6.680556e-01;6.680556e-01;2.220068e-10
2.610000e+00;5.069069e-01;5.069069e-01;3.680148e-10
2.810000e+00;3.255493e-01;3.255493e-01;6.780898e-10
3.010000e+00;1.312132e-01;1.312132e-01;1.892806e-09
3.210000e+00;-6.835401e-02;-6.835401e-02;3.906025e-09
3.410000e+00;-2.651961e-01;-2.651961e-01;1.035393e-09
3.610000e+00;-4.514658e-01;-4.514658e-01;5.969954e-10
3.810000e+00;-6.197368e-01;-6.197368e-01;4.046539e-10
4.010000e+00;-7.633010e-01;-7.633010e-01;2.855732e-10
4.210000e+00;-8.764347e-01;-8.764347e-01;1.956438e-10
4.410000e+00;-9.546278e-01;-9.546278e-01;1.176884e-10
4.610000e+00;-9.947628e-01;-9.947628e-01;4.266818e-11
4.810000e+00;-9.952398e-01;-9.952398e-01;3.590210e-11
5.010000e+00;-9.560398e-01;-9.560398e-01;1.245520e-10
5.210000e+00;-8.787254e-01;-8.787254e-01;2.321776e-10
5.410000e+00;-7.663790e-01;-7.663790e-01;3.740631e-10
5.610000e+00;-6.234795e-01;-6.234795e-01;5.822300e-10
5.810000e+00;-4.557239e-01;-4.557239e-01;9.414493e-10
6.010000e+00;-2.698000e-01;-2.698000e-01;1.782934e-09
6.210000e+00;-7.311999e-02;-7.311999e-02;7.052682e-09
6.410000e+00;1.264751e-01;1.264751e-01;4.193148e-09
6.610000e+00;3.210280e-01;3.210280e-01;1.629267e-09
6.810000e+00;5.027825e-01;5.027825e-01;9.801977e-10
7.010000e+00;6.644926e-01;6.644926e-01;6.616845e-10
7.210000e+00;7.997116e-01;7.997116e-01;4.559834e-10
7.410000e+00;9.030486e-01;9.030486e-01;2.987966e-10
7.610000e+00;9.703838e-01;9.703838e-01;1.631187e-10
7.810000e+00;9.990330e-01;9.990330e-01;3.405938e-11
8.010000e+00;9.878538e-01;9.878538e-01;9.941035e-11
8.210000e+00;9.372920e-01;9.372920e-01;2.486583e-10
8.410000e+00;8.493634e-01;8.493634e-01;4.295695e-10
8.610000e+00;7.275733e-01;7.275733e-01;6.703958e-10
8.810000e+00;5.767772e-01;5.767772e-01;1.033454e-09
9.010000e+00;4.029867e-01;4.029867e-01;1.698526e-09
9.210000e+00;2.131305e-01;2.131305e-01;3.511110e-09
9.410000e+00;1.477742e-02;1.477742e-02;5.304020e-08
9.610000e+00;-1.841648e-01;-1.841648e-01;4.279732e-09
9.810000e+00;-3.757649e-01;-3.757649e-01;2.022453e-09
1.001000e+01;-5.523845e-01;-5.523845e-01;1.265466e-09
1.021000e+01;-7.069822e-01;-7.069822e-01;8.580154e-10
1.041000e+01;-8.333948e-01;-8.333948e-01;5.823834e-10
1.061000e+01;-9.265826e-01;-9.265826e-01;3.661544e-10
1.081000e+01;-9.828305e-01;-9.828305e-01;1.765819e-10
1.101000e+01;-9.998960e-01;-9.998960e-01;5.588001e-12
1.121000e+01;-9.770988e-01;-9.770988e-01;1.956031e-10
1.141000e+01;-9.153477e-01;-9.153477e-01;4.102487e-10
1.161000e+01;-8.171047e-01;-8.171047e-01;6.743674e-10
1.181000e+01;-6.862862e-01;-6.862862e-01;1.034568e-09
1.201000e+01;-5.281077e-01;-5.281077e-01;1.600563e-09
1.221000e+01;-3.488752e-01;-3.488752e-01;2.724109e-09
1.241000e+01;-1.557341e-01;-1.557341e-01;6.549310e-09
1.261000e+01;4.361555e-02;4.361554e-02;2.407288e-08
1.281000e+01;2.412264e-01;2.412264e-01;4.302433e-09
1.301000e+01;4.292203e-01;4.292203e-01;2.289849e-09
1.321000e+01;6.001026e-01;6.001026e-01;1.476188e-09
1.341000e+01;7.470607e-01;7.470607e-01;1.003444e-09
1.361000e+01;8.642358e-01;8.642358e-01;6.695016e-10
1.381000e+01;9.469566e-01;9.469566e-01;4.000399e-10
1.401000e+01;9.919252e-01;9.919252e-01;1.589634e-10
1.421000e+01;9.973488e-01;9.973488e-01;7.650958e-11
1.441000e+01;9.630114e-01;9.630114e-01;3.259138e-10
1.461000e+01;8.902817e-01;8.902817e-01;6.124899e-10
1.481000e+01;7.820592e-01;7.820592e-01;9.729415e-10
1.501000e+01;6.426586e-01;6.426586e-01;1.480389e-09
1.521000e+01;4.776371e-01;4.776371e-01;2.320255e-09
1.541000e+01;2.935738e-01;2.935738e-01;4.169731e-09
1.561000e+01;9.780665e-02;9.780666e-02;1.322203e-08
1.581000e+01;-1.018598e-01;-1.018598e-01;1.287483e-08
1.601000e+01;-2.974654e-01;-2.974654e-01;4.292098e-09
1.621000e+01;-4.812119e-01;-4.812119e-01;2.471444e-09
1.641000e+01;-6.457741e-01;-6.457741e-01;1.627921e-09
1.661000e+01;-7.845913e-01;-7.845913e-01;1.105156e-09
1.681000e+01;-8.921294e-01;-8.921294e-01;7.209532e-10
1.701000e+01;-9.641010e-01;-9.641010e-01;4.021732e-10
1.721000e+01;-9.976370e-01;-9.976370e-01;1.107099e-10
1.741000e+01;-9.914003e-01;-9.914003e-01;1.794002e-10
1.761000e+01;-9.456397e-01;-9.456397e-01;4.924261e-10
1.780000e+01;-8.672022e-01;-8.672022e-01;8.393430e-10
1.800000e+01;-7.509872e-01;-7.509872e-01;1.306362e-09
1.820000e+01;-6.048328e-01;-6.048328e-01;1.984267e-09
1.840000e+01;-4.345656e-01;-4.345656e-01;3.165112e-09
1.860000e+01;-2.469737e-01;-2.469737e-01;6.068848e-09
1.880000e+01;-4.953564e-02;-4.953564e-02;3.157686e-08
1.900000e+01;1.498772e-01;1.498772e-01;1.045883e-08
1.920000e+01;3.433149e-01;3.433149e-01;4.390913e-09
1.940000e+01;5.230658e-01;5.230658e-01;2.647982e-09
1.960000e+01;6.819636e-01;6.819636e-01;1.765535e-09
1.980000e+01;8.136737e-01;8.136737e-01;1.192747e-09
