0.000000e+00;5.000000e-01;5.000000e-01;0.000000e+00
2.000000e-01;5.893680e-01;5.899550e-01;9.960265e-04
4.000000e-01;6.552397e-01;6.565478e-01;1.996481e-03
6.000000e-01;6.949890e-01;6.970744e-01;3.000592e-03
8.000000e-01;7.070314e-01;7.098653e-01;4.008200e-03
1.000000e+00;6.908866e-01;6.943546e-01;5.019570e-03
1.200000e+00;6.471984e-01;6.511045e-01;6.035443e-03
1.400000e+00;5.777084e-01;5.817855e-01;7.057370e-03
1.600000e+00;4.851870e-01;4.891116e-01;8.088675e-03
1.800000e+00;3.733228e-01;3.767340e-01;9.137548e-03
2.000000e+00;2.465753e-01;2.490979e-01;1.023063e-02
2.210000e+00;1.030073e-01;1.042039e-01;1.161654e-02
2.410000e+00;-3.802789e-02;-3.843146e-02;1.061270e-02
2.610000e+00;-1.775470e-01;-1.798187e-01;1.279508e-02
2.810000e+00;-3.099879e-01;-3.143133e-01;1.395371e-02
3.010000e+00;-4.300705e-01;-4.365345e-01;1.503013e-02
3.210000e+00;-5.330076e-01;-5.415804e-01;1.608389e-02
3.410000e+00;-6.146953e-01;-6.252248e-01;1.712957e-02
3.610000e+00;-6.718771e-01;-6.840870e-01;1.817277e-02
3.810000e+00;-7.022733e-01;-7.157684e-01;1.921642e-02
4.010000e+00;-7.046720e-01;-7.189505e-01;2.026267e-02
4.210000e+00;-6.789777e-01;-6.934492e-01;2.131371e-02
4.410000e+00;-6.262147e-01;-6.402247e-01;2.237257e-02
4.610000e+00;-5.484865e-01;-5.613455e-01;2.344445e-02
4.810000e+00;-4.488919e-01;-4.599078e-01;2.454017e-02
5.010000e+00;-3.314013e-01;-3.399143e-01;2.568782e-02
5.210000e+00;-2.006989e-01;-2.061164e-01;2.699306e-02
5.410000e+00;-6.199518e-02;-6.382545e-02;2.952275e-02
5.610000e+00;7.918006e-02;8.129726e-02;2.673907e-02
5.810000e+00;2.171986e-01;2.234663e-01;2.885689e-02
6.010000e+00;3.465582e-01;3.570025e-01;3.013735e-02
6.210000e+00;4.621016e-01;4.765599e-01;3.128816e-02
6.410000e+00;5.592224e-01;5.773394e-01;3.239674e-02
6.610000e+00;6.340488e-01;6.552819e-01;3.348806e-02
6.810000e+00;6.835977e-01;7.072314e-01;3.457243e-02
7.010000e+00;7.058937e-01;7.310627e-01;3.565546e-02
7.210000e+00;7.000480e-01;7.257686e-01;3.674125e-02
7.410000e+00;6.662935e-01;6.915021e-01;3.783403e-02
7.610000e+00;6.059760e-01;6.295725e-01;3.893961e-02
7.810000e+00;5.215002e-01;5.423958e-01;4.006827e-02
8.010000e+00;4.162338e-01;4.334003e-01;4.124233e-02
8.210000e+00;2.943735e-01;3.068916e-01;4.252472e-02
8.410000e+00;1.607774e-01;1.678832e-01;4.419650e-02
8.610000e+00;2.077167e-02;2.189713e-02;5.418257e-02
8.810000e+00;-1.200622e-01;-1.252550e-01;4.325117e-02
9.010000e+00;-2.561095e-01;-2.677034e-01;4.526929e-02
9.210000e+00;-3.819466e-01;-3.997543e-01;4.662349e-02
9.410000e+00;-4.925567e-01;-5.161173e-01;4.783328e-02
9.610000e+00;-5.835301e-01;-6.121175e-01;4.899053e-02
9.810000e+00;-6.512400e-01;-6.838833e-01;5.012497e-02
1.001000e+01;-6.929870e-01;-7.285024e-01;5.124980e-02
1.021000e+01;-7.071068e-01;-7.441399e-01;5.237270e-02
1.041000e+01;-6.930365e-01;-7.301137e-01;5.349963e-02
1.061000e+01;-6.513370e-01;-6.869241e-01;5.463709e-02
1.081000e+01;-5.836707e-01;-6.162364e-01;5.579455e-02
1.101000e+01;-4.927354e-01;-5.208161e-01;5.698956e-02
1.121000e+01;-3.821562e-01;-4.044217e-01;5.826275e-02
1.141000e+01;-2.563417e-01;-2.716557e-01;5.974075e-02
1.161000e+01;-1.203076e-01;-1.277836e-01;6.214007e-02
1.181000e+01;2.052269e-02;2.147583e-02;4.644324e-02
1.201000e+01;1.605349e-01;1.701770e-01;6.006290e-02
1.221000e+01;2.941470e-01;3.123850e-01;6.200305e-02
1.241000e+01;4.160324e-01;4.424119e-01;6.340728e-02
1.261000e+01;5.213320e-01;5.550446e-01;6.466643e-02
1.281000e+01;6.058476e-01;6.457537e-01;6.586823e-02
1.301000e+01;6.662101e-01;7.108756e-01;6.704419e-02
1.321000e+01;7.000128e-01;7.477603e-01;6.820936e-02
1.341000e+01;7.059083e-01;7.548793e-01;6.937312e-02
1.361000e+01;6.836614e-01;7.318891e-01;7.054333e-02
1.381000e+01;6.341591e-01;6.796468e-01;7.172925e-02
1.401000e+01;5.593748e-01;6.001786e-01;7.294523e-02
1.421000e+01;4.622901e-01;4.966010e-01;7.421953e-02
1.441000e+01;3.467753e-01;3.729993e-01;7.562237e-02
1.461000e+01;2.174357e-01;2.342655e-01;7.740137e-02
1.481000e+01;7.942756e-02;8.590559e-02;8.155896e-02
1.501000e+01;-6.174706e-02;-6.617937e-02;7.178164e-02
1.521000e+01;-2.004600e-01;-2.159279e-01;7.716185e-02
1.541000e+01;-3.311813e-01;-3.573596e-01;7.904523e-02
1.561000e+01;-4.486994e-01;-4.848139e-01;8.048719e-02
1.581000e+01;-5.483293e-01;-5.931769e-01;8.178964e-02
1.601000e+01;-6.260990e-01;-6.780860e-01;8.303330e-02
1.621000e+01;-6.789081e-01;-7.361061e-01;8.424995e-02
1.641000e+01;-7.046513e-01;-7.648679e-01;8.545586e-02
1.661000e+01;-7.023023e-01;-7.631652e-01;8.666195e-02
1.681000e+01;-6.719547e-01;-7.310049e-01;8.787822e-02
1.701000e+01;-6.148184e-01;-6.696094e-01;8.911739e-02
1.721000e+01;-5.331712e-01;-5.813702e-01;9.040057e-02
1.741000e+01;-4.302682e-01;-4.697547e-01;9.177192e-02
1.761000e+01;-3.102117e-01;-3.391702e-01;9.335071e-02
1.780000e+01;-1.846230e-01;-2.022495e-01;9.547327e-02
1.800000e+01;-4.533527e-02;-5.006769e-02;1.043871e-01
1.820000e+01;9.575982e-02;1.044168e-01;9.040283e-02
1.840000e+01;2.330373e-01;2.550438e-01;9.443331e-02
1.860000e+01;3.610243e-01;3.957947e-01;9.631060e-02
1.880000e+01;4.746184e-01;5.210332e-01;9.779413e-02
1.900000e+01;5.692909e-01;6.257306e-01;9.914035e-02
1.920000e+01;6.412676e-01;7.056677e-01;1.004263e-01
1.940000e+01;6.876790e-01;7.576052e-01;1.016842e-01
1.960000e+01;7.066749e-01;7.794143e-01;1.029319e-01
1.980000e+01;6.974978e-01;7.701645e-01;1.041820e-01
0.000000e+00;5.000000e-01;5.000000e-01;0.000000e+00
2.000000e-01;5.893680e-01;5.893693e-01;2.234632e-06
4.000000e-01;6.552397e-01;6.552415e-01;2.754468e-06
6.000000e-01;6.949890e-01;6.949904e-01;1.950414e-06
8.000000e-01;7.070314e-01;7.070313e-01;9.478805e-08
1.000000e+00;6.908866e-01;6.908842e-01;3.507665e-06
1.200000e+00;6.471984e-01;6.471928e-01;8.652204e-06
1.400000e+00;5.777084e-01;5.776990e-01;1.629323e-05
1.600000e+00;4.851870e-01;4.851734e-01;2.807103e-05
1.800000e+00;3.733228e-01;3.733048e-01;4.803184e-05
2.000000e+00;2.465753e-01;2.465533e-01;8.933812e-05
2.210000e+00;1.030073e-01;1.029815e-01;2.498670e-04
2.410000e+00;-3.802789e-02;-3.805626e-02;7.460736e-04
2.610000e+00;-1.775470e-01;-1.775768e-01;1.680153e-04
2.810000e+00;-3.099879e-01;-3.100177e-01;9.636502e-05
3.010000e+00;-4.300705e-01;-4.300988e-01;6.584542e-05
3.210000e+00;-5.330076e-01;-5.330326e-01;4.703749e-05
3.410000e+00;-6.146953e-01;-6.147154e-01;3.273758e-05
3.610000e+00;-6.718771e-01;-6.718907e-01;2.018672e-05
3.810000e+00;-7.022733e-01;-7.022788e-01;7.937010e-06
4.010000e+00;-7.046720e-01;-7.046684e-01;5.061377e-06
4.210000e+00;-6.789777e-01;-6.789642e-01;1.988114e-05
4.410000e+00;-6.262147e-01;-6.261909e-01;3.799678e-05
4.610000e+00;-5.484865e-01;-5.484525e-01;6.194034e-05
4.810000e+00;-4.488919e-01;-4.488483e-01;9.697024e-05
5.010000e+00;-3.314013e-01;-3.313494e-01;1.567567e-04
5.210000e+00;-2.006989e-01;-2.006401e-01;2.926953e-04
5.410000e+00;-6.199518e-02;-6.193172e-02;1.023764e-03
5.610000e+00;7.918006e-02;7.924581e-02;8.304102e-04
5.810000e+00;2.171986e-01;2.172640e-01;3.007208e-04
6.010000e+00;3.465582e-01;3.466202e-01;1.788887e-04
6.210000e+00;4.621016e-01;4.621573e-01;1.206446e-04
6.410000e+00;5.592224e-01;5.592691e-01;8.346478e-05
6.610000e+00;6.340488e-01;6.340838e-01;5.520631e-05
6.810000e+00;6.835977e-01;6.836188e-01;3.086529e-05
7.010000e+00;7.058937e-01;7.058992e-01;7.721569e-06
7.210000e+00;7.000480e-01;7.000366e-01;1.621322e-05
7.410000e+00;6.662935e-01;6.662649e-01;4.296353e-05
7.610000e+00;6.059760e-01;6.059304e-01;7.532666e-05
7.810000e+00;5.215002e-01;5.214386e-01;1.182211e-04
8.010000e+00;4.162338e-01;4.161579e-01;1.823398e-04
8.210000e+00;2.943735e-01;2.942858e-01;2.978216e-04
8.410000e+00;1.607774e-01;1.606811e-01;5.992543e-04
8.610000e+00;2.077167e-02;2.067026e-02;4.881696e-03
8.810000e+00;-1.200622e-01;-1.201646e-01;8.532845e-04
9.010000e+00;-2.561095e-01;-2.562088e-01;3.875568e-04
9.210000e+00;-3.819466e-01;-3.820384e-01;2.402873e-04
9.410000e+00;-4.925567e-01;-4.926368e-01;1.626979e-04
9.610000e+00;-5.835301e-01;-5.835947e-01;1.108026e-04
9.810000e+00;-6.512400e-01;-6.512858e-01;7.037153e-05
1.001000e+01;-6.929870e-01;-6.930113e-01;3.508574e-05
1.021000e+01;-7.071068e-01;-7.071077e-01;1.291743e-06
1.041000e+01;-6.930365e-01;-6.930130e-01;3.385117e-05
1.061000e+01;-6.513370e-01;-6.512891e-01;7.341447e-05
1.081000e+01;-5.836707e-01;-5.835996e-01;1.218735e-04
1.101000e+01;-4.927354e-01;-4.926430e-01;1.875073e-04
1.121000e+01;-3.821562e-01;-3.820456e-01;2.894709e-04
1.141000e+01;-2.563417e-01;-2.562167e-01;4.874604e-04
1.161000e+01;-1.203076e-01;-1.201730e-01;1.119247e-03
1.181000e+01;2.052269e-02;2.066184e-02;6.780274e-03
1.201000e+01;1.605349e-01;1.606729e-01;8.601069e-04
1.221000e+01;2.941470e-01;2.942783e-01;4.463555e-04
1.241000e+01;4.160324e-01;4.161513e-01;2.857794e-04
1.261000e+01;5.213320e-01;5.214332e-01;1.941324e-04
1.281000e+01;6.058476e-01;6.059264e-01;1.300669e-04
1.301000e+01;6.662101e-01;6.662625e-01;7.873429e-05
1.321000e+01;7.000128e-01;7.000360e-01;3.304969e-05
1.341000e+01;7.059083e-01;7.059002e-01;1.137776e-05
1.361000e+01;6.836614e-01;6.836216e-01;5.823592e-05
1.381000e+01;6.341591e-01;6.340881e-01;1.118262e-04
1.401000e+01;5.593748e-01;5.592748e-01;1.788305e-04
1.421000e+01;4.622901e-01;4.621642e-01;2.723571e-04
1.441000e+01;3.467753e-01;3.466279e-01;4.250031e-04
1.461000e+01;2.174357e-01;2.172722e-01;7.516832e-04
1.481000e+01;7.942756e-02;7.925428e-02;2.181653e-03
1.501000e+01;-6.174706e-02;-6.192339e-02;2.855646e-03
1.521000e+01;-2.004600e-01;-2.006323e-01;8.593608e-04
1.541000e+01;-3.311813e-01;-3.313424e-01;4.863815e-04
1.561000e+01;-4.486994e-01;-4.488424e-01;3.187858e-04
1.581000e+01;-5.483293e-01;-5.484480e-01;2.164867e-04
1.601000e+01;-6.260990e-01;-6.261879e-01;1.420201e-04
1.621000e+01;-6.789081e-01;-6.789629e-01;8.065935e-05
1.641000e+01;-7.046513e-01;-7.046688e-01;2.486552e-05
1.661000e+01;-7.023023e-01;-7.022809e-01;3.039783e-05
1.681000e+01;-6.719547e-01;-6.718944e-01;8.973567e-05
1.701000e+01;-6.148184e-01;-6.147207e-01;1.589678e-04
1.721000e+01;-5.331712e-01;-5.330391e-01;2.477544e-04
1.741000e+01;-4.302682e-01;-4.301063e-01;3.762748e-04
1.761000e+01;-3.102117e-01;-3.100259e-01;5.990213e-04
1.780000e+01;-1.846230e-01;-1.844209e-01;1.094610e-03
1.800000e+01;-4.533527e-02;-4.512368e-02;4.667222e-03
1.820000e+01;9.575982e-02;9.597254e-02;2.221398e-03
1.840000e+01;2.330373e-01;2.332425e-01;8.807643e-04
1.860000e+01;3.610243e-01;3.612136e-01;5.243309e-04
1.880000e+01;4.746184e-01;4.747837e-01;3.483271e-04
1.900000e+01;5.692909e-01;5.694250e-01;2.356163e-04
1.920000e+01;6.412676e-01;6.413645e-01;1.510266e-04
1.940000e+01;6.876790e-01;6.877339e-01;7.976857e-05
1.960000e+01;7.066749e-01;7.066846e-01;1.381932e-05
1.980000e+01;6.974978e-01;6.974611e-01;5.254308e-05
0.000000e+00;5.000000e-01;5.000000e-01;0.000000e+00
2.000000e-01;5.893680e-01;5.893679e-01;8.288861e-09
4.000000e-01;6.552397e-01;6.552397e-01;1.661202e-08
6.000000e-01;6.949890e-01;6.949890e-01;2.496166e-08
8.000000e-01;7.070314e-01;7.070314e-01;3.333611e-08
1.000000e+00;6.908866e-01;6.908866e-01;4.173793e-08
1.200000e+00;6.471984e-01;6.471984e-01;5.017437e-08
1.400000e+00;5.777084e-01;5.777084e-01;5.866075e-08
1.600000e+00;4.851870e-01;4.851870e-01;6.722986e-08
1.800000e+00;3.733228e-01;3.733227e-01;7.596264e-08
2.000000e+00;2.465753e-01;2.465753e-01;8.512233e-08
2.210000e+00;1.030073e-01;1.030073e-01;9.708322e-08
2.410000e+00;-3.802789e-02;-3.802788e-02;8.549744e-08
2.610000e+00;-1.775470e-01;-1.775470e-01;1.053925e-07
2.810000e+00;-3.099879e-01;-3.099878e-01;1.151591e-07
3.010000e+00;-4.300705e-01;-4.300704e-01;1.241030e-07
3.210000e+00;-5.330076e-01;-5.330075e-01;1.328127e-07
3.410000e+00;-6.146953e-01;-6.146952e-01;1.414323e-07
3.610000e+00;-6.718771e-01;-6.718770e-01;1.500169e-07
3.810000e+00;-7.022733e-01;-7.022732e-01;1.585954e-07
4.010000e+00;-7.046720e-01;-7.046719e-01;1.671890e-07
4.210000e+00;-6.789777e-01;-6.789776e-01;1.758189e-07
4.410000e+00;-6.262147e-01;-6.262146e-01;1.845148e-07
4.610000e+00;-5.484865e-01;-5.484864e-01;1.933272e-07
4.810000e+00;-4.488919e-01;-4.488918e-01;2.023614e-07
5.010000e+00;-3.314013e-01;-3.314013e-01;2.118908e-07
5.210000e+00;-2.006989e-01;-2.006988e-01;2.229433e-07
5.410000e+00;-6.199518e-02;-6.199517e-02;2.458990e-07
5.610000e+00;7.918006e-02;7.918004e-02;2.171470e-07
5.810000e+00;2.171986e-01;2.171986e-01;2.360749e-07
6.010000e+00;3.465582e-01;3.465581e-01;2.468452e-07
6.210000e+00;4.621016e-01;4.621015e-01;2.563437e-07
6.410000e+00;5.592224e-01;5.592223e-01;2.654209e-07
6.610000e+00;6.340488e-01;6.340487e-01;2.743197e-07
6.810000e+00;6.835977e-01;6.835975e-01;2.831401e-07
7.010000e+00;7.058937e-01;7.058935e-01;2.919365e-07
7.210000e+00;7.000480e-01;7.000478e-01;3.007488e-07
7.410000e+00;6.662935e-01;6.662933e-01;3.096174e-07
7.610000e+00;6.059760e-01;6.059758e-01;3.185982e-07
7.810000e+00;5.215002e-01;5.215000e-01;3.277897e-07
8.010000e+00;4.162338e-01;4.162337e-01;3.374057e-07
8.210000e+00;2.943735e-01;2.943734e-01;3.480490e-07
8.410000e+00;1.607774e-01;1.607774e-01;3.624116e-07
8.610000e+00;2.077167e-02;2.077166e-02;4.563996e-07
8.810000e+00;-1.200622e-01;-1.200621e-01;3.500260e-07
9.010000e+00;-2.561095e-01;-2.561095e-01;3.676747e-07
9.210000e+00;-3.819466e-01;-3.819465e-01;3.789539e-07
9.410000e+00;-4.925567e-01;-4.925565e-01;3.888393e-07
9.610000e+00;-5.835301e-01;-5.835298e-01;3.982108e-07
9.810000e+00;-6.512400e-01;-6.512397e-01;4.073530e-07
1.001000e+01;-6.929870e-01;-6.929867e-01;4.163923e-07
1.021000e+01;-7.071068e-01;-7.071065e-01;4.254018e-07
1.041000e+01;-6.930365e-01;-6.930362e-01;4.344382e-07
1.061000e+01;-6.513370e-01;-6.513367e-01;4.435631e-07
1.081000e+01;-5.836707e-01;-5.836705e-01;4.528659e-07
1.101000e+01;-4.927354e-01;-4.927351e-01;4.625122e-07
1.121000e+01;-3.821562e-01;-3.821560e-01;4.728851e-07
1.141000e+01;-2.563417e-01;-2.563416e-01;4.851787e-07
1.161000e+01;-1.203076e-01;-1.203076e-01;5.061489e-07
1.181000e+01;2.052269e-02;2.052269e-02;3.564812e-07
1.201000e+01;1.605349e-01;1.605348e-01;4.832262e-07
1.221000e+01;2.941470e-01;2.941469e-01;4.998353e-07
1.241000e+01;4.160324e-01;4.160322e-01;5.113806e-07
1.261000e+01;5.213320e-01;5.213317e-01;5.215472e-07
1.281000e+01;6.058476e-01;6.058473e-01;5.311621e-07
1.301000e+01;6.662101e-01;6.662097e-01;5.405224e-07
1.321000e+01;7.000128e-01;7.000124e-01;5.497697e-07
1.341000e+01;7.059083e-01;7.059079e-01;5.589918e-07
1.361000e+01;6.836614e-01;6.836610e-01;5.682626e-07
1.381000e+01;6.341591e-01;6.341587e-01;5.776680e-07
1.401000e+01;5.593748e-01;5.593745e-01;5.873417e-07
1.421000e+01;4.622901e-01;4.622898e-01;5.975459e-07
1.441000e+01;3.467753e-01;3.467751e-01;6.089326e-07
1.461000e+01;2.174357e-01;2.174355e-01;6.238002e-07
1.481000e+01;7.942756e-02;7.942751e-02;6.607351e-07
1.501000e+01;-6.174706e-02;-6.174703e-02;5.683156e-07
1.521000e+01;-2.004600e-01;-2.004599e-01;6.165776e-07
1.541000e+01;-3.311813e-01;-3.311811e-01;6.323713e-07
1.561000e+01;-4.486994e-01;-4.486991e-01;6.440570e-07
1.581000e+01;-5.483293e-01;-5.483289e-01;6.544366e-07
1.601000e+01;-6.260990e-01;-6.260986e-01;6.642596e-07
1.621000e+01;-6.789081e-01;-6.789077e-01;6.738204e-07
1.641000e+01;-7.046513e-01;-7.046508e-01;6.832699e-07
1.661000e+01;-7.023023e-01;-7.023018e-01;6.927088e-07
1.681000e+01;-6.719547e-01;-6.719542e-01;7.022291e-07
1.701000e+01;-6.148184e-01;-6.148179e-01;7.119473e-07
1.721000e+01;-5.331712e-01;-5.331708e-01;7.220566e-07
1.741000e+01;-4.302682e-01;-4.302679e-01;7.329606e-07
1.761000e+01;-3.102117e-01;-3.102115e-01;7.457491e-07
1.780000e+01;-1.846230e-01;-1.846228e-01;7.635779e-07
1.800000e+01;-4.533527e-02;-4.533523e-02;8.433644e-07
1.820000e+01;9.575982e-02;9.575976e-02;7.139241e-07
1.840000e+01;2.330373e-01;2.330371e-01;7.490706e-07
1.860000e+01;3.610243e-01;3.610240e-01;7.645328e-07
1.880000e+01;4.746184e-01;4.746180e-01;7.763864e-07
1.900000e+01;5.692909e-01;5.692905e-01;7.869742e-07
1.920000e+01;6.412676e-01;6.412671e-01;7.969995e-07
1.940000e+01;6.876790e-01;6.876785e-01;8.067582e-07
1.960000e+01;7.066749e-01;7.066743e-01;8.164107e-07
1.980000e+01;6.974978e-01;6.974972e-01;8.260714e-07
0.000000e+00;5.000000e-01;5.000000e-01;0.000000e+00
2.000000e-01;5.893680e-01;5.893680e-01;1.118723e-11
4.000000e-01;6.552397e-01;6.552397e-01;1.380053e-11
6.000000e-01;6.949890e-01;6.949890e-01;9.794238e-12
8.000000e-01;7.070314e-01;7.070314e-01;4.176891e-13
1.000000e+00;6.908866e-01;6.908866e-01;1.746807e-11
1.200000e+00;6.471984e-01;6.471984e-01;4.317632e-11
1.400000e+00;5.777084e-01;5.777084e-01;8.136738e-11
1.600000e+00;4.851870e-01;4.851870e-01;1.402426e-10
1.800000e+00;3.733228e-01;3.733228e-01;2.400326e-10
2.000000e+00;2.465753e-01;2.465753e-01;4.465520e-10
2.210000e+00;1.030073e-01;1.030073e-01;1.249157e-09
2.410000e+00;-3.802789e-02;-3.802789e-02;3.730403e-09
2.610000e+00;-1.775470e-01;-1.775470e-01;8.402173e-10
2.810000e+00;-3.099879e-01;-3.099879e-01;4.819928e-10
3.010000e+00;-4.300705e-01;-4.300705e-01;3.294160e-10
3.210000e+00;-5.330076e-01;-5.330076e-01;2.353958e-10
3.410000e+00;-6.146953e-01;-6.146953e-01;1.639164e-10
3.610000e+00;-6.718771e-01;-6.718771e-01;1.011828e-10
3.810000e+00;-7.022733e-01;-7.022733e-01;3.995611e-11
4.010000e+00;-7.046720e-01;-7.046720e-01;2.501291e-11
4.210000e+00;-6.789777e-01;-6.789777e-01;9.908616e-11
4.410000e+00;-6.262147e-01;-6.262147e-01;1.896357e-10
4.610000e+00;-5.484865e-01;-5.484865e-01;3.093200e-10
4.810000e+00;-4.488919e-01;-4.488919e-01;4.844271e-10
5.010000e+00;-3.314013e-01;-3.314013e-01;7.832957e-10
5.210000e+00;-2.006989e-01;-2.006989e-01;1.462862e-09
5.410000e+00;-6.199518e-02;-6.199518e-02;5.117586e-09
5.610000e+00;7.918006e-02;7.918006e-02;4.151772e-09
5.810000e+00;2.171986e-01;2.171986e-01;1.503777e-09
6.010000e+00;3.465582e-01;3.465582e-01;8.947321e-10
6.210000e+00;4.621016e-01;4.621016e-01;6.035758e-10
6.410000e+00;5.592224e-01;5.592224e-01;4.177239e-10
6.610000e+00;6.340488e-01;6.340488e-01;2.764724e-10
6.810000e+00;6.835977e-01;6.835977e-01;1.548048e-10
7.010000e+00;7.058937e-01;7.058937e-01;3.912364e-11
7.210000e+00;7.000480e-01;7.000480e-01;8.051230e-11
7.410000e+00;6.662935e-01;6.662935e-01;2.142218e-10
7.610000e+00;6.059760e-01;6.059760e-01;3.759895e-10
7.810000e+00;5.215002e-01;5.215002e-01;5.904032e-10
8.010000e+00;4.162338e-01;4.162338e-01;9.109161e-10
8.210000e+00;2.943735e-01;2.943735e-01;1.488193e-09
8.410000e+00;1.607774e-01;1.607774e-01;2.995037e-09
8.610000e+00;2.077167e-02;2.077167e-02;2.440292e-08
8.810000e+00;-1.200622e-01;-1.200622e-01;4.266225e-09
9.010000e+00;-2.561095e-01;-2.561095e-01;1.938073e-09
9.210000e+00;-3.819466e-01;-3.819466e-01;1.201890e-09
9.410000e+00;-4.925567e-01;-4.925567e-01;8.140386e-10
9.610000e+00;-5.835301e-01;-5.835301e-01;5.546314e-10
9.810000e+00;-6.512400e-01;-6.512400e-01;3.525344e-10
1.001000e+01;-6.929870e-01;-6.929870e-01;1.761593e-10
1.021000e+01;-7.071068e-01;-7.071068e-01;7.241581e-12
1.041000e+01;-6.930365e-01;-6.930365e-01;1.684197e-10
1.061000e+01;-6.513370e-01;-6.513370e-01;3.661760e-10
1.081000e+01;-5.836707e-01;-5.836707e-01;6.084021e-10
1.101000e+01;-4.927354e-01;-4.927354e-01;9.364825e-10
1.121000e+01;-3.821562e-01;-3.821562e-01;1.446173e-09
1.141000e+01;-2.563417e-01;-2.563417e-01;2.435888e-09
1.161000e+01;-1.203076e-01;-1.203076e-01;5.594119e-09
1.181000e+01;2.052269e-02;2.052269e-02;3.389490e-08
1.201000e+01;1.605349e-01;1.605349e-01;4.300533e-09
1.221000e+01;2.941470e-01;2.941470e-01;2.232244e-09
1.241000e+01;4.160324e-01;4.160324e-01;1.429555e-09
1.261000e+01;5.213320e-01;5.213320e-01;9.714380e-10
1.281000e+01;6.058476e-01;6.058476e-01;6.511974e-10
1.301000e+01;6.662101e-01;6.662101e-01;3.946090e-10
1.321000e+01;7.000128e-01;7.000128e-01;1.662541e-10
1.341000e+01;7.059083e-01;7.059083e-01;5.581625e-11
1.361000e+01;6.836614e-01;6.836614e-01;2.900369e-10
1.381000e+01;6.341591e-01;6.341591e-01;5.579105e-10
1.401000e+01;5.593748e-01;5.593748e-01;8.928399e-10
1.421000e+01;4.622901e-01;4.622901e-01;1.360350e-09
1.441000e+01;3.467753e-01;3.467753e-01;2.123388e-09
1.461000e+01;2.174357e-01;2.174357e-01;3.756400e-09
1.481000e+01;7.942756e-02;7.942756e-02;1.090461e-08
1.501000e+01;-6.174706e-02;-6.174706e-02;1.427619e-08
1.521000e+01;-2.004600e-01;-2.004600e-01;4.297044e-09
1.541000e+01;-3.311813e-01;-3.311813e-01;2.432590e-09
1.561000e+01;-4.486994e-01;-4.486994e-01;1.594820e-09
1.581000e+01;-5.483293e-01;-5.483293e-01;1.083459e-09
1.601000e+01;-6.260990e-01;-6.260990e-01;7.112296e-10
1.621000e+01;-6.789081e-01;-6.789081e-01;4.045255e-10
1.641000e+01;-7.046513e-01;-7.046513e-01;1.256345e-10
1.661000e+01;-7.023023e-01;-7.023023e-01;1.506180e-10
1.681000e+01;-6.719547e-01;-6.719547e-01;4.472546e-10
1.701000e+01;-6.148184e-01;-6.148184e-01;7.933709e-10
1.721000e+01;-5.331712e-01;-5.331712e-01;1.237266e-09
1.741000e+01;-4.302682e-01;-4.302682e-01;1.879839e-09
1.761000e+01;-3.102117e-01;-3.102117e-01;2.993550e-09
1.780000e+01;-1.846230e-01;-1.846230e-01;5.471489e-09
1.800000e+01;-4.533527e-02;-4.533527e-02;2.333467e-08
1.820000e+01;9.575982e-02;9.575982e-02;1.110873e-08
1.840000e+01;2.330373e-01;2.330373e-01;4.405519e-09
1.860000e+01;3.610243e-01;3.610243e-01;2.623347e-09
1.880000e+01;4.746184e-01;4.746184e-01;1.743326e-09
1.900000e+01;5.692909e-01;5.692909e-01;1.179767e-09
1.920000e+01;6.412676e-01;6.412676e-01;7.568102e-10
1.940000e+01;6.876790e-01;6.876790e-01;4.005034e-10
1.960000e+01;7.066749e-01;7.066749e-01;7.073207e-11
1.980000e+01;6.974978e-01;6.974978e-01;2.611165e-10
