0.000000e+00;0.000000e+00;0.000000e+00;nan
2.001000e-01;1.987673e-01;1.987693e-01;1.000176e-05
4.001000e-01;3.895104e-01;3.895182e-01;2.000205e-05
6.001000e-01;5.647250e-01;5.647419e-01;3.000253e-05
8.001000e-01;7.174258e-01;7.174545e-01;4.000321e-05
1.000100e+00;8.415250e-01;8.415671e-01;5.000411e-05
1.200100e+00;9.320753e-01;9.321312e-01;6.000525e-05
1.400100e+00;9.854667e-01;9.855357e-01;7.000665e-05
1.600100e+00;9.995707e-01;9.996507e-01;8.000836e-05
1.800100e+00;9.738249e-01;9.739126e-01;9.001045e-05
2.000100e+00;9.092558e-01;9.093467e-01;1.000131e-04
2.200000e+00;8.084964e-01;8.085853e-01;1.100114e-04
2.400000e+00;6.754632e-01;6.755442e-01;1.200159e-04
2.600000e+00;5.155014e-01;5.155684e-01;1.300229e-04
2.800000e+00;3.349882e-01;3.350351e-01;1.400361e-04
3.000000e+00;1.411200e-01;1.411412e-01;1.500814e-04
3.200000e+00;-5.837414e-02;-5.838347e-02;1.598303e-04
3.400000e+00;-2.555411e-01;-2.555845e-01;1.699716e-04
3.600000e+00;-4.425204e-01;-4.426001e-01;1.799919e-04
3.800000e+00;-6.118579e-01;-6.119741e-01;1.900017e-04
4.000000e+00;-7.568025e-01;-7.569539e-01;2.000085e-04
4.200000e+00;-8.715758e-01;-8.717588e-01;2.100142e-04
4.400000e+00;-9.516021e-01;-9.518114e-01;2.200195e-04
4.600000e+00;-9.936910e-01;-9.939196e-01;2.300247e-04
4.800000e+00;-9.961646e-01;-9.964037e-01;2.400302e-04
5.000000e+00;-9.589243e-01;-9.591640e-01;2.500362e-04
5.200000e+00;-8.834547e-01;-8.836844e-01;2.600430e-04
5.400000e+00;-7.727645e-01;-7.729732e-01;2.700512e-04
5.600000e+00;-6.312666e-01;-6.314434e-01;2.800621e-04
5.800100e+00;-4.645136e-01;-4.646484e-01;2.900839e-04
6.000100e+00;-2.793195e-01;-2.794033e-01;3.001188e-04
6.200100e+00;-8.298975e-02;-8.301550e-02;3.103013e-04
6.400100e+00;1.166485e-01;1.166858e-01;3.198745e-04
6.600100e+00;3.116364e-01;3.117392e-01;3.299924e-04
6.800100e+00;4.942003e-01;4.943683e-01;3.400229e-04
7.000100e+00;6.570620e-01;6.572920e-01;3.500395e-04
7.200100e+00;7.937287e-01;7.940145e-01;3.600514e-04
7.400100e+00;8.987519e-01;8.990845e-01;3.700614e-04
7.600100e+00;9.679448e-01;9.683127e-01;3.800706e-04
7.800100e+00;9.985487e-01;9.989382e-01;3.900797e-04
8.000100e+00;9.893437e-01;9.897395e-01;4.000889e-04
8.200100e+00;9.406966e-01;9.410824e-01;4.100989e-04
8.400100e+00;8.545470e-01;8.549060e-01;4.201102e-04
8.600100e+00;7.343292e-01;7.346451e-01;4.301240e-04
8.800100e+00;5.848361e-01;5.850935e-01;4.401425e-04
9.000100e+00;4.120274e-01;4.122129e-01;4.501726e-04
9.200100e+00;2.227924e-01;2.228950e-01;4.602450e-04
9.400100e+00;2.467546e-02;2.468709e-02;4.713852e-04
9.600100e+00;-1.744252e-01;-1.745090e-01;4.799395e-04
9.800100e+00;-3.665722e-01;-3.667518e-01;4.900421e-04
1.000010e+01;-5.441050e-01;-5.443771e-01;5.000786e-04
1.020010e+01;-6.999461e-01;-7.003032e-01;5.101004e-04
1.040010e+01;-8.278826e-01;-8.283132e-01;5.201167e-04
1.060010e+01;-9.228140e-01;-9.233032e-01;5.301307e-04
1.080010e+01;-9.809557e-01;-9.814855e-01;5.401437e-04
1.100010e+01;-9.999898e-01;-1.000540e+00;5.501564e-04
1.120010e+01;-9.791574e-01;-9.797059e-01;5.601696e-04
1.140010e+01;-9.192892e-01;-9.198133e-01;5.701838e-04
1.160010e+01;-8.227718e-01;-8.232491e-01;5.801999e-04
1.180010e+01;-6.934530e-01;-6.938623e-01;5.902200e-04
1.200010e+01;-5.364885e-01;-5.368106e-01;6.002480e-04
1.220010e+01;-3.581359e-01;-3.583545e-01;6.102971e-04
1.240010e+01;-1.655056e-01;-1.656082e-01;6.204436e-04
1.260010e+01;3.372299e-02;3.374420e-02;6.289584e-04
1.280010e+01;2.316071e-01;2.317553e-01;6.400306e-04
1.300010e+01;4.202578e-01;4.205310e-01;6.501227e-04
1.320010e+01;5.921541e-01;5.925450e-01;6.601630e-04
1.340010e+01;7.404431e-01;7.409393e-01;6.701889e-04
1.360010e+01;8.592130e-01;8.597974e-01;6.802093e-04
1.380010e+01;9.437287e-01;9.443801e-01;6.902270e-04
1.400010e+01;9.906210e-01;9.913147e-01;7.002436e-04
1.420010e+01;9.980204e-01;9.987292e-01;7.102601e-04
1.440010e+01;9.656318e-01;9.663273e-01;7.202772e-04
1.460010e+01;8.947465e-01;8.953999e-01;7.302958e-04
1.480010e+01;7.881905e-01;7.887740e-01;7.403174e-04
1.500010e+01;6.502119e-01;6.506998e-01;7.503448e-04
1.520010e+01;4.863113e-01;4.866811e-01;7.603849e-04
1.540010e+01;3.030231e-01;3.032565e-01;7.704630e-04
1.560010e+01;1.076542e-01;1.077383e-01;7.807897e-04
1.580010e+01;-9.200643e-02;-9.207909e-02;7.897469e-04
1.600010e+01;-2.879991e-01;-2.882295e-01;8.001477e-04
1.620010e+01;-4.725101e-01;-4.728930e-01;8.102324e-04
1.640010e+01;-6.381837e-01;-6.387072e-01;8.202753e-04
1.660010e+01;-7.784149e-01;-7.790612e-01;8.303049e-04
1.680010e+01;-8.876131e-01;-8.883590e-01;8.403288e-04
1.700010e+01;-9.614250e-01;-9.622426e-01;8.503501e-04
1.720010e+01;-9.969079e-01;-9.977656e-01;8.603704e-04
1.740010e+01;-9.926473e-01;-9.935113e-01;8.703906e-04
1.760010e+01;-9.488129e-01;-9.496483e-01;8.804119e-04
1.780010e+01;-8.671524e-01;-8.679245e-01;8.904353e-04
1.800010e+01;-7.509212e-01;-7.515974e-01;9.004629e-04
1.820010e+01;-6.047532e-01;-6.053038e-01;9.104991e-04
1.840010e+01;-4.344756e-01;-4.348755e-01;9.205555e-04
1.860010e+01;-2.468768e-01;-2.471065e-01;9.306811e-04
1.880010e+01;-4.943576e-02;-4.948232e-02;9.417136e-04
1.900010e+01;1.499761e-01;1.501186e-01;9.500387e-04
1.920010e+01;3.434088e-01;3.437386e-01;9.602908e-04
1.940010e+01;5.231510e-01;5.236586e-01;9.703702e-04
1.960010e+01;6.820368e-01;6.827054e-01;9.804153e-04
1.980010e+01;8.137319e-01;8.145378e-01;9.904480e-04
0.000000e+00;0.000000e+00;0.000000e+00;nan
2.001000e-01;1.987673e-01;1.987673e-01;1.644420e-09
4.001000e-01;3.895104e-01;3.895104e-01;1.576891e-09
6.001000e-01;5.647250e-01;5.647250e-01;1.461781e-09
8.001000e-01;7.174258e-01;7.174258e-01;1.295034e-09
1.000100e+00;8.415250e-01;8.415250e-01;1.070218e-09
1.200100e+00;9.320753e-01;9.320753e-01;7.775926e-10
1.400100e+00;9.854667e-01;9.854667e-01;4.024336e-10
1.600100e+00;9.995707e-01;9.995707e-01;7.797313e-11
1.800100e+00;9.738249e-01;9.738249e-01;7.000805e-10
2.000100e+00;9.092558e-01;9.092558e-01;1.525844e-09
2.200000e+00;8.084964e-01;8.084964e-01;2.668513e-09
2.400000e+00;6.754632e-01;6.754632e-01;4.365732e-09
2.600000e+00;5.155014e-01;5.155014e-01;7.200946e-09
2.800000e+00;3.349882e-01;3.349881e-01;1.312140e-08
3.000000e+00;1.411200e-01;1.411200e-01;3.506246e-08
3.200000e+00;-5.837414e-02;-5.837415e-02;9.116934e-08
3.400000e+00;-2.555411e-01;-2.555411e-01;2.142892e-08
3.600000e+00;-4.425204e-01;-4.425204e-01;1.215289e-08
3.800000e+00;-6.118579e-01;-6.118579e-01;8.183129e-09
4.000000e+00;-7.568025e-01;-7.568025e-01;5.754978e-09
4.200000e+00;-8.715758e-01;-8.715758e-01;3.936030e-09
4.400000e+00;-9.516021e-01;-9.516021e-01;2.367962e-09
4.600000e+00;-9.936910e-01;-9.936910e-01;8.655832e-10
4.800000e+00;-9.961646e-01;-9.961646e-01;7.018901e-10
5.000000e+00;-9.589243e-01;-9.589243e-01;2.463974e-09
5.200000e+00;-8.834547e-01;-8.834547e-01;4.594828e-09
5.400000e+00;-7.727645e-01;-7.727645e-01;7.390640e-09
5.600000e+00;-6.312666e-01;-6.312666e-01;1.146573e-08
5.800100e+00;-4.645136e-01;-4.645136e-01;1.842879e-08
6.000100e+00;-2.793195e-01;-2.793195e-01;3.437834e-08
6.200100e+00;-8.298975e-02;-8.298974e-02;1.240983e-07
6.400100e+00;1.166485e-01;1.166485e-01;9.083412e-08
6.600100e+00;3.116364e-01;3.116364e-01;3.354733e-08
6.800100e+00;4.942003e-01;4.942003e-01;1.994203e-08
7.000100e+00;6.570620e-01;6.570620e-01;1.338945e-08
7.200100e+00;7.937287e-01;7.937287e-01;9.199833e-09
7.400100e+00;8.987519e-01;8.987520e-01;6.019749e-09
7.600100e+00;9.679448e-01;9.679448e-01;3.288888e-09
7.800100e+00;9.985487e-01;9.985487e-01;7.023910e-10
8.000100e+00;9.893437e-01;9.893437e-01;1.962023e-09
8.200100e+00;9.406966e-01;9.406966e-01;4.929792e-09
8.400100e+00;8.545470e-01;8.545470e-01;8.511704e-09
8.600100e+00;7.343292e-01;7.343292e-01;1.325459e-08
8.800100e+00;5.848361e-01;5.848361e-01;2.035130e-08
9.000100e+00;4.120274e-01;4.120274e-01;3.318761e-08
9.200100e+00;2.227924e-01;2.227924e-01;6.712856e-08
9.400100e+00;2.467546e-02;2.467544e-02;6.350679e-07
9.600100e+00;-1.744252e-01;-1.744253e-01;9.037677e-08
9.800100e+00;-3.665722e-01;-3.665722e-01;4.148107e-08
1.000010e+01;-5.441050e-01;-5.441050e-01;2.571710e-08
1.020010e+01;-6.999461e-01;-6.999461e-01;1.735818e-08
1.040010e+01;-8.278826e-01;-8.278826e-01;1.175236e-08
1.060010e+01;-9.228140e-01;-9.228140e-01;7.381422e-09
1.080010e+01;-9.809557e-01;-9.809557e-01;3.567780e-09
1.100010e+01;-9.999898e-01;-9.999898e-01;8.164220e-11
1.120010e+01;-9.791574e-01;-9.791574e-01;3.873223e-09
1.140010e+01;-9.192892e-01;-9.192892e-01;8.138922e-09
1.160010e+01;-8.227718e-01;-8.227718e-01;1.336360e-08
1.180010e+01;-6.934530e-01;-6.934530e-01;2.044718e-08
1.200010e+01;-5.364885e-01;-5.364885e-01;3.148217e-08
1.220010e+01;-3.581359e-01;-3.581359e-01;5.304775e-08
1.240010e+01;-1.655056e-01;-1.655055e-01;1.232399e-07
1.260010e+01;3.372299e-02;3.372301e-02;6.228477e-07
1.280010e+01;2.316071e-01;2.316071e-01;8.967704e-08
1.300010e+01;4.202578e-01;4.202578e-01;4.682044e-08
1.320010e+01;5.921541e-01;5.921541e-01;2.996399e-08
1.340010e+01;7.404431e-01;7.404431e-01;2.029060e-08
1.360010e+01;8.592130e-01;8.592130e-01;1.350959e-08
1.380010e+01;9.437287e-01;9.437288e-01;8.068509e-09
1.400010e+01;9.906210e-01;9.906210e-01;3.222848e-09
1.420010e+01;9.980204e-01;9.980204e-01;1.490856e-09
1.440010e+01;9.656318e-01;9.656318e-01;6.463628e-09
1.460010e+01;8.947465e-01;8.947465e-01;1.215351e-08
1.480010e+01;7.881905e-01;7.881905e-01;1.927489e-08
1.500010e+01;6.502119e-01;6.502118e-01;2.923532e-08
1.520010e+01;4.863113e-01;4.863113e-01;4.555604e-08
1.540010e+01;3.030231e-01;3.030230e-01;8.078912e-08
1.560010e+01;1.076542e-01;1.076542e-01;2.403225e-07
1.580010e+01;-9.200643e-02;-9.200645e-02;2.852558e-07
1.600010e+01;-2.879991e-01;-2.879991e-01;8.875198e-08
1.620010e+01;-4.725101e-01;-4.725101e-01;5.040824e-08
1.640010e+01;-6.381837e-01;-6.381837e-01;3.300632e-08
1.660010e+01;-7.784149e-01;-7.784149e-01;2.233435e-08
1.680010e+01;-8.876131e-01;-8.876131e-01;1.454503e-08
1.700010e+01;-9.614250e-01;-9.614250e-01;8.115973e-09
1.720010e+01;-9.969079e-01;-9.969079e-01;2.263855e-09
1.740010e+01;-9.926473e-01;-9.926473e-01;3.537399e-09
1.760010e+01;-9.488129e-01;-9.488129e-01;9.771472e-09
1.780010e+01;-8.671524e-01;-8.671524e-01;1.705287e-08
1.800010e+01;-7.509212e-01;-7.509212e-01;2.640632e-08
1.820010e+01;-6.047532e-01;-6.047532e-01;3.998288e-08
1.840010e+01;-4.344756e-01;-4.344755e-01;6.363242e-08
1.860010e+01;-2.468768e-01;-2.468767e-01;1.217981e-07
1.880010e+01;-4.943576e-02;-4.943573e-02;6.336611e-07
1.900010e+01;1.499761e-01;1.499761e-01;2.089642e-07
1.920010e+01;3.434088e-01;3.434089e-01;8.760533e-08
1.940010e+01;5.231510e-01;5.231510e-01;5.272732e-08
1.960010e+01;6.820368e-01;6.820368e-01;3.506436e-08
1.980010e+01;8.137319e-01;8.137319e-01;2.359761e-08
0.000000e+00;0.000000e+00;0.000000e+00;nan
2.001000e-01;1.987673e-01;1.987673e-01;2.080614e-14
4.001000e-01;3.895104e-01;3.895104e-01;4.517731e-14
6.001000e-01;5.647250e-01;5.647250e-01;4.030204e-14
8.001000e-01;7.174258e-01;7.174258e-01;2.909317e-14
1.000100e+00;8.415250e-01;8.415250e-01;1.015860e-14
1.200100e+00;9.320753e-01;9.320753e-01;1.310243e-14
1.400100e+00;9.854667e-01;9.854667e-01;3.999416e-14
1.600100e+00;9.995707e-01;9.995707e-01;7.586080e-14
1.800100e+00;9.738249e-01;9.738249e-01;1.270032e-13
2.000100e+00;9.092558e-01;9.092558e-01;1.912123e-13
2.200000e+00;8.084964e-01;8.084964e-01;5.355460e-14
2.400000e+00;6.754632e-01;6.754632e-01;5.905624e-13
2.600000e+00;5.155014e-01;5.155014e-01;1.653593e-12
2.800000e+00;3.349882e-01;3.349882e-01;4.058092e-12
3.000000e+00;1.411200e-01;1.411200e-01;1.327968e-11
3.200000e+00;-5.837414e-02;-5.837414e-02;4.007988e-11
3.400000e+00;-2.555411e-01;-2.555411e-01;1.058887e-11
3.600000e+00;-4.425204e-01;-4.425204e-01;6.604832e-12
3.800000e+00;-6.118579e-01;-6.118579e-01;4.830592e-12
4.000000e+00;-7.568025e-01;-7.568025e-01;3.659118e-12
4.200000e+00;-8.715758e-01;-8.715758e-01;2.193248e-12
4.400000e+00;-9.516021e-01;-9.516021e-01;1.197372e-12
4.600000e+00;-9.936910e-01;-9.936910e-01;4.999792e-13
4.800000e+00;-9.961646e-01;-9.961646e-01;1.994951e-14
5.000000e+00;-9.589243e-01;-9.589243e-01;2.844665e-13
5.200000e+00;-8.834547e-01;-8.834547e-01;4.250104e-13
5.400000e+00;-7.727645e-01;-7.727645e-01;3.899177e-13
5.600000e+00;-6.312666e-01;-6.312666e-01;1.180103e-13
5.800100e+00;-4.645136e-01;-4.645136e-01;5.744548e-13
6.000100e+00;-2.793195e-01;-2.793195e-01;2.440492e-12
6.200100e+00;-8.298975e-02;-8.298975e-02;1.348118e-11
6.400100e+00;1.166485e-01;1.166485e-01;1.304981e-11
6.600100e+00;3.116364e-01;3.116364e-01;5.904407e-12
6.800100e+00;4.942003e-01;4.942003e-01;4.094142e-12
7.000100e+00;6.570620e-01;6.570620e-01;3.091265e-12
7.200100e+00;7.937287e-01;7.937287e-01;2.312123e-12
7.400100e+00;8.987519e-01;8.987519e-01;1.576729e-12
7.600100e+00;9.679448e-01;9.679448e-01;8.030077e-13
7.800100e+00;9.985487e-01;9.985487e-01;7.404832e-14
8.000100e+00;9.893437e-01;9.893437e-01;1.123191e-12
8.200100e+00;9.406966e-01;9.406966e-01;2.430414e-12
8.400100e+00;8.545470e-01;8.545470e-01;4.145341e-12
8.600100e+00;7.343292e-01;7.343292e-01;6.555543e-12
8.800100e+00;5.848361e-01;5.848361e-01;1.030576e-11
9.000100e+00;4.120274e-01;4.120274e-01;1.725029e-11
9.200100e+00;2.227924e-01;2.227924e-01;3.581077e-11
9.400100e+00;2.467546e-02;2.467546e-02;3.472153e-10
9.600100e+00;-1.744252e-01;-1.744252e-01;5.054221e-11
9.800100e+00;-3.665722e-01;-3.665722e-01;2.367217e-11
1.000010e+01;-5.441050e-01;-5.441050e-01;1.492533e-11
1.020010e+01;-6.999461e-01;-6.999461e-01;1.019279e-11
1.040010e+01;-8.278826e-01;-8.278826e-01;6.928479e-12
1.060010e+01;-9.228140e-01;-9.228140e-01;4.282860e-12
1.080010e+01;-9.809557e-01;-9.809557e-01;1.876939e-12
1.100010e+01;-9.999898e-01;-9.999898e-01;5.231424e-13
1.120010e+01;-9.791574e-01;-9.791574e-01;3.120824e-12
1.140010e+01;-9.192892e-01;-9.192892e-01;6.139933e-12
1.160010e+01;-8.227718e-01;-8.227718e-01;9.944043e-12
1.180010e+01;-6.934530e-01;-6.934530e-01;1.519932e-11
1.200010e+01;-5.364885e-01;-5.364885e-01;2.350391e-11
1.220010e+01;-3.581359e-01;-3.581359e-01;3.983599e-11
1.240010e+01;-1.655056e-01;-1.655056e-01;9.316454e-11
1.260010e+01;3.372299e-02;3.372299e-02;4.740334e-10
1.280010e+01;2.316071e-01;2.316071e-01;6.867101e-11
1.300010e+01;4.202578e-01;4.202578e-01;3.602934e-11
1.320010e+01;5.921541e-01;5.921541e-01;2.312694e-11
1.340010e+01;7.404431e-01;7.404431e-01;1.565212e-11
1.360010e+01;8.592130e-01;8.592130e-01;1.034228e-11
1.380010e+01;9.437287e-01;9.437287e-01;6.006339e-12
1.400010e+01;9.906210e-01;9.906210e-01;2.062375e-12
1.420010e+01;9.980204e-01;9.980204e-01;1.849296e-12
1.440010e+01;9.656318e-01;9.656318e-01;6.050838e-12
1.460010e+01;8.947465e-01;8.947465e-01;1.093662e-11
1.480010e+01;7.881905e-01;7.881905e-01;1.712866e-11
1.500010e+01;6.502119e-01;6.502119e-01;2.586489e-11
1.520010e+01;4.863113e-01;4.863113e-01;4.028203e-11
1.540010e+01;3.030231e-01;3.030231e-01;7.149292e-11
1.560010e+01;1.076542e-01;1.076542e-01;2.129789e-10
1.580010e+01;-9.200643e-02;-9.200643e-02;2.531824e-10
1.600010e+01;-2.879991e-01;-2.879991e-01;7.885134e-11
1.620010e+01;-4.725101e-01;-4.725101e-01;4.478967e-11
1.640010e+01;-6.381837e-01;-6.381837e-01;2.927640e-11
1.660010e+01;-7.784149e-01;-7.784149e-01;1.970508e-11
1.680010e+01;-8.876131e-01;-8.876131e-01;1.265681e-11
1.700010e+01;-9.614250e-01;-9.614250e-01;6.778720e-12
1.720010e+01;-9.969079e-01;-9.969079e-01;1.363907e-12
1.740010e+01;-9.926473e-01;-9.926473e-01;4.067231e-12
1.760010e+01;-9.488129e-01;-9.488129e-01;9.968235e-12
1.780010e+01;-8.671524e-01;-8.671524e-01;1.692184e-11
1.800010e+01;-7.509212e-01;-7.509212e-01;2.591807e-11
1.820010e+01;-6.047532e-01;-6.047532e-01;3.905486e-11
1.840010e+01;-4.344756e-01;-4.344756e-01;6.200056e-11
1.860010e+01;-2.468768e-01;-2.468768e-01;1.185395e-10
1.880010e+01;-4.943576e-02;-4.943576e-02;6.162427e-10
1.900010e+01;1.499761e-01;1.499761e-01;2.030685e-10
1.920010e+01;3.434088e-01;3.434088e-01;8.503446e-11
1.940010e+01;5.231510e-01;5.231510e-01;5.105934e-11
1.960010e+01;6.820368e-01;6.820368e-01;3.381098e-11
1.980010e+01;8.137319e-01;8.137319e-01;2.257279e-11
0.000000e+00;0.000000e+00;0.000000e+00;nan
2.001000e-01;1.987673e-01;1.987673e-01;2.220252e-14
4.001000e-01;3.895104e-01;3.895104e-01;5.871625e-14
6.001000e-01;5.647250e-01;5.647250e-01;6.526965e-14
8.001000e-01;7.174258e-01;7.174258e-01;7.257819e-14
1.000100e+00;8.415250e-01;8.415250e-01;5.936845e-14
1.200100e+00;9.320753e-01;9.320753e-01;3.894996e-14
1.400100e+00;9.854667e-01;9.854667e-01;1.791288e-14
1.600100e+00;9.995707e-01;9.995707e-01;1.321733e-14
1.800100e+00;9.738249e-01;9.738249e-01;4.765469e-14
2.000100e+00;9.092558e-01;9.092558e-01;1.014671e-13
2.200000e+00;8.084964e-01;8.084964e-01;1.557203e-13
2.400000e+00;6.754632e-01;6.754632e-01;6.885237e-13
2.600000e+00;5.155014e-01;5.155014e-01;1.752446e-12
2.800000e+00;3.349882e-01;3.349882e-01;4.170112e-12
3.000000e+00;1.411200e-01;1.411200e-01;1.339651e-11
3.200000e+00;-5.837414e-02;-5.837414e-02;3.994579e-11
3.400000e+00;-2.555411e-01;-2.555411e-01;1.044550e-11
3.600000e+00;-4.425204e-01;-4.425204e-01;6.458691e-12
3.800000e+00;-6.118579e-01;-6.118579e-01;4.673455e-12
4.000000e+00;-7.568025e-01;-7.568025e-01;3.496428e-12
4.200000e+00;-8.715758e-01;-8.715758e-01;2.025360e-12
4.400000e+00;-9.516021e-01;-9.516021e-01;1.020036e-12
4.600000e+00;-9.936910e-01;-9.936910e-01;3.234502e-13
4.800000e+00;-9.961646e-01;-9.961646e-01;1.588159e-13
5.000000e+00;-9.589243e-01;-9.589243e-01;4.731845e-13
5.200000e+00;-8.834547e-01;-8.834547e-01;6.245718e-13
5.400000e+00;-7.727645e-01;-7.727645e-01;5.956517e-13
5.600000e+00;-6.312666e-01;-6.312666e-01;3.280018e-13
5.800100e+00;-4.645136e-01;-4.645136e-01;3.592285e-13
6.000100e+00;-2.793195e-01;-2.793195e-01;2.232613e-12
6.200100e+00;-8.298975e-02;-8.298975e-02;1.335944e-11
6.400100e+00;1.166485e-01;1.166485e-01;1.340529e-11
6.600100e+00;3.116364e-01;3.116364e-01;6.209184e-12
6.800100e+00;4.942003e-01;4.942003e-01;4.388883e-12
7.000100e+00;6.570620e-01;6.570620e-01;3.384931e-12
7.200100e+00;7.937287e-01;7.937287e-01;2.608657e-12
7.400100e+00;8.987519e-01;8.987519e-01;1.880612e-12
7.600100e+00;9.679448e-01;9.679448e-01;1.117856e-12
7.800100e+00;9.985487e-01;9.985487e-01;2.442705e-13
8.000100e+00;9.893437e-01;9.893437e-01;8.011253e-13
8.200100e+00;9.406966e-01;9.406966e-01;2.108806e-12
8.400100e+00;8.545470e-01;8.545470e-01;3.822491e-12
8.600100e+00;7.343292e-01;7.343292e-01;6.228976e-12
8.800100e+00;5.848361e-01;5.848361e-01;9.980191e-12
9.000100e+00;4.120274e-01;4.120274e-01;1.692587e-11
9.200100e+00;2.227924e-01;2.227924e-01;3.550393e-11
9.400100e+00;2.467546e-02;2.467546e-02;3.474747e-10
9.600100e+00;-1.744252e-01;-1.744252e-01;5.102436e-11
9.800100e+00;-3.665722e-01;-3.665722e-01;2.411314e-11
1.000010e+01;-5.441050e-01;-5.441050e-01;1.536138e-11
1.020010e+01;-6.999461e-01;-6.999461e-01;1.063279e-11
1.040010e+01;-8.278826e-01;-8.278826e-01;7.368206e-12
1.060010e+01;-9.228140e-01;-9.228140e-01;4.728964e-12
1.080010e+01;-9.809557e-01;-9.809557e-01;2.332366e-12
1.100010e+01;-9.999898e-01;-9.999898e-01;6.406052e-14
1.120010e+01;-9.791574e-01;-9.791574e-01;2.656397e-12
1.140010e+01;-9.192892e-01;-9.192892e-01;5.672433e-12
1.160010e+01;-8.227718e-01;-8.227718e-01;9.469335e-12
1.180010e+01;-6.934530e-01;-6.934530e-01;1.472510e-11
1.200010e+01;-5.364885e-01;-5.364885e-01;2.301470e-11
1.220010e+01;-3.581359e-01;-3.581359e-01;3.935595e-11
1.240010e+01;-1.655056e-01;-1.655056e-01;9.273120e-11
1.260010e+01;3.372299e-02;3.372299e-02;4.749853e-10
1.280010e+01;2.316071e-01;2.316071e-01;6.926302e-11
1.300010e+01;4.202578e-01;4.202578e-01;3.660089e-11
1.320010e+01;5.921541e-01;5.921541e-01;2.369203e-11
1.340010e+01;7.404431e-01;7.404431e-01;1.622085e-11
1.360010e+01;8.592130e-01;8.592130e-01;1.090527e-11
1.380010e+01;9.437287e-01;9.437287e-01;6.572315e-12
1.400010e+01;9.906210e-01;9.906210e-01;2.640114e-12
1.420010e+01;9.980204e-01;9.980204e-01;1.264160e-12
1.440010e+01;9.656318e-01;9.656318e-01;5.462748e-12
1.460010e+01;8.947465e-01;8.947465e-01;1.034376e-11
1.480010e+01;7.881905e-01;7.881905e-01;1.652987e-11
1.500010e+01;6.502119e-01;6.502119e-01;2.526881e-11
1.520010e+01;4.863113e-01;4.863113e-01;3.968196e-11
1.540010e+01;3.030231e-01;3.030231e-01;7.090653e-11
1.560010e+01;1.076542e-01;1.076542e-01;2.124882e-10
1.580010e+01;-9.200643e-02;-9.200643e-02;2.540087e-10
1.600010e+01;-2.879991e-01;-2.879991e-01;7.956200e-11
1.620010e+01;-4.725101e-01;-4.725101e-01;4.548563e-11
1.640010e+01;-6.381837e-01;-6.381837e-01;2.996722e-11
1.660010e+01;-7.784149e-01;-7.784149e-01;2.039183e-11
1.680010e+01;-8.876131e-01;-8.876131e-01;1.334437e-11
1.700010e+01;-9.614250e-01;-9.614250e-01;7.472851e-12
1.720010e+01;-9.969079e-01;-9.969079e-01;2.063624e-12
1.740010e+01;-9.926473e-01;-9.926473e-01;3.361827e-12
1.760010e+01;-9.488129e-01;-9.488129e-01;9.257973e-12
1.780010e+01;-8.671524e-01;-8.671524e-01;1.619565e-11
1.800010e+01;-7.509212e-01;-7.509212e-01;2.519155e-11
1.820010e+01;-6.047532e-01;-6.047532e-01;3.831612e-11
1.840010e+01;-4.344756e-01;-4.344756e-01;6.126157e-11
1.860010e+01;-2.468768e-01;-2.468768e-01;1.177932e-10
1.880010e+01;-4.943576e-02;-4.943576e-02;6.154908e-10
1.900010e+01;1.499761e-01;1.499761e-01;2.038228e-10
1.920010e+01;3.434088e-01;3.434088e-01;8.579307e-11
1.940010e+01;5.231510e-01;5.231510e-01;5.183160e-11
1.960010e+01;6.820368e-01;6.820368e-01;3.458923e-11
1.980010e+01;8.137319e-01;8.137319e-01;2.335975e-11
