0.000000e+00;5.000000e-01;5.000000e-01;0.000000e+00
2.000000e-01;5.893680e-01;5.894269e-01;9.996075e-05
4.000000e-01;6.552397e-01;6.553707e-01;1.999658e-04
6.000000e-01;6.949890e-01;6.951975e-01;3.000073e-04
8.000000e-01;7.070314e-01;7.073143e-01;4.000837e-04
1.000000e+00;6.908866e-01;6.912322e-01;5.001975e-04
1.201000e+00;6.469133e-01;6.473020e-01;6.008568e-04
1.401000e+00;5.773004e-01;5.777051e-01;7.010756e-04
1.601000e+00;4.846724e-01;4.850608e-01;8.013875e-04
1.801000e+00;3.727221e-01;3.730582e-01;9.018738e-04
2.001000e+00;2.459124e-01;2.461591e-01;1.002800e-03
2.201000e+00;1.092991e-01;1.094200e-01;1.105800e-03
2.401000e+00;-3.167168e-02;-3.170916e-02;1.183348e-03
2.601000e+00;-1.713798e-01;-1.716022e-01;1.297870e-03
2.801000e+00;-3.042555e-01;-3.046814e-01;1.399519e-03
3.001000e+00;-4.250016e-01;-4.256392e-01;1.500293e-03
3.201000e+00;-5.288042e-01;-5.296507e-01;1.600832e-03
3.401000e+00;-6.115250e-01;-6.125653e-01;1.701287e-03
3.601000e+00;-6.698662e-01;-6.710731e-01;1.801714e-03
3.801000e+00;-7.015020e-01;-7.028364e-01;1.902145e-03
4.001000e+00;-7.051711e-01;-7.065833e-01;2.002600e-03
4.201000e+00;-6.807273e-01;-6.821589e-01;2.103101e-03
4.401000e+00;-6.291450e-01;-6.305315e-01;2.203676e-03
4.601000e+00;-5.524807e-01;-5.537538e-01;2.304375e-03
4.801000e+00;-4.537908e-01;-4.548823e-01;2.405299e-03
5.000000e+00;-3.376310e-01;-3.384772e-01;2.506201e-03
5.200000e+00;-2.074690e-01;-2.080103e-01;2.609044e-03
5.400000e+00;-6.903581e-02;-6.922372e-02;2.722045e-03
5.600000e+00;7.214962e-02;7.235061e-02;2.785672e-03
5.800000e+00;2.104587e-01;2.110686e-01;2.897988e-03
6.000000e+00;3.403774e-01;3.413988e-01;3.000850e-03
6.200000e+00;4.567263e-01;4.581433e-01;3.102358e-03
6.400000e+00;5.548671e-01;5.566445e-01;3.203433e-03
6.600000e+00;6.308870e-01;6.329716e-01;3.304332e-03
6.800000e+00;6.817554e-01;6.840769e-01;3.405159e-03
7.000000e+00;7.054444e-01;7.079177e-01;3.505970e-03
7.200000e+00;7.010096e-01;7.035380e-01;3.606804e-03
7.400000e+00;6.686277e-01;6.711068e-01;3.707704e-03
7.600000e+00;6.095898e-01;6.119115e-01;3.808722e-03
7.800000e+00;5.262494e-01;5.283070e-01;3.909955e-03
8.000000e+00;4.219291e-01;4.236217e-01;4.011609e-03
8.200000e+00;3.007878e-01;3.020254e-01;4.114254e-03
8.400000e+00;1.676551e-01;1.683627e-01;4.220351e-03
8.600000e+00;2.783853e-02;2.796052e-02;4.382327e-03
8.800000e+00;-1.130879e-01;-1.135845e-01;4.391507e-03
9.000000e+00;-2.495059e-01;-2.506292e-01;4.502147e-03
9.200000e+00;-3.759769e-01;-3.777085e-01;4.605687e-03
9.400000e+00;-4.874588e-01;-4.897536e-01;4.707752e-03
9.600000e+00;-5.795073e-01;-5.822943e-01;4.809288e-03
9.800000e+00;-6.484527e-01;-6.516370e-01;4.910595e-03
1.000100e+01;-6.916935e-01;-6.951605e-01;5.012310e-03
1.020100e+01;-7.070770e-01;-7.106926e-01;5.113496e-03
1.040100e+01;-6.942716e-01;-6.978920e-01;5.214717e-03
1.060100e+01;-6.537878e-01;-6.572633e-01;5.316034e-03
1.080100e+01;-5.872395e-01;-5.904209e-01;5.417534e-03
1.100100e+01;-4.972798e-01;-5.000245e-01;5.519380e-03
1.120100e+01;-3.874951e-01;-3.896736e-01;5.621940e-03
1.140100e+01;-2.622623e-01;-2.637641e-01;5.726346e-03
1.160100e+01;-1.265739e-01;-1.273129e-01;5.838730e-03
1.180100e+01;1.416067e-02;1.424167e-02;5.720391e-03
1.200100e+01;1.543307e-01;1.552567e-01;6.000542e-03
1.220100e+01;2.883480e-01;2.901098e-01;6.109981e-03
1.240100e+01;4.108698e-01;4.134229e-01;6.213934e-03
1.260100e+01;5.170115e-01;5.202771e-01;6.316443e-03
1.280100e+01;6.025416e-01;6.064089e-01;6.418386e-03
1.300100e+01;6.640502e-01;6.683799e-01;6.520075e-03
1.320100e+01;6.990853e-01;7.037144e-01;6.621655e-03
1.340100e+01;7.062500e-01;7.109983e-01;6.723217e-03
1.360100e+01;6.852588e-01;6.899356e-01;6.824834e-03
1.380100e+01;6.369485e-01;6.413604e-01;6.926593e-03
1.400100e+01;5.632451e-01;5.672039e-01;7.028624e-03
1.420100e+01;4.670868e-01;4.704177e-01;7.131183e-03
1.440100e+01;3.523073e-01;3.548562e-01;7.234896e-03
1.460100e+01;2.234824e-01;2.251232e-01;7.341927e-03
1.480100e+01;8.574795e-02;8.638837e-02;7.468632e-03
1.500100e+01;-5.540500e-02;-5.581857e-02;7.464596e-03
1.520100e+01;-1.943491e-01;-1.958284e-01;7.611593e-03
1.540100e+01;-3.255452e-01;-3.280584e-01;7.720246e-03
1.560100e+01;-4.437627e-01;-4.472350e-01;7.824497e-03
1.580100e+01;-5.442889e-01;-5.486037e-01;7.927385e-03
1.600100e+01;-6.231160e-01;-6.281194e-01;8.029701e-03
1.620100e+01;-6.771014e-01;-6.826074e-01;8.131755e-03
1.640100e+01;-7.040929e-01;-7.098902e-01;8.233702e-03
1.660100e+01;-7.030144e-01;-7.088745e-01;8.335643e-03
1.680100e+01;-6.739090e-01;-6.795953e-01;8.437673e-03
1.700100e+01;-6.179370e-01;-6.232141e-01;8.539907e-03
1.720100e+01;-5.373298e-01;-5.419736e-01;8.642533e-03
1.740100e+01;-4.353009e-01;-4.391080e-01;8.745945e-03
1.760100e+01;-3.159179e-01;-3.187142e-01;8.851186e-03
1.780100e+01;-1.839403e-01;-1.855889e-01;8.962445e-03
1.800100e+01;-4.462959e-02;-4.503737e-02;9.136859e-03
1.820100e+01;9.646037e-02;9.733792e-02;9.097569e-03
1.840100e+01;2.337048e-01;2.358608e-01;9.225273e-03
1.860100e+01;3.616321e-01;3.650073e-01;9.333364e-03
1.880000e+01;4.746184e-01;4.790975e-01;9.437328e-03
1.900000e+01;5.692909e-01;5.747223e-01;9.540553e-03
1.920000e+01;6.412676e-01;6.474515e-01;9.643221e-03
1.940000e+01;6.876790e-01;6.943809e-01;9.745630e-03
1.960000e+01;7.066749e-01;7.136342e-01;9.847942e-03
1.980000e+01;6.974978e-01;7.044381e-01;9.950272e-03
0.000000e+00;5.000000e-01;5.000000e-01;0.000000e+00
2.000000e-01;5.893680e-01;5.893680e-01;2.212203e-08
4.000000e-01;6.552397e-01;6.552397e-01;2.709570e-08
6.000000e-01;6.949890e-01;6.949891e-01;1.883019e-08
8.000000e-01;7.070314e-01;7.070314e-01;1.847058e-09
1.000000e+00;6.908866e-01;6.908866e-01;3.620135e-08
1.201000e+00;6.469133e-01;6.469132e-01;8.818494e-08
1.401000e+00;5.773004e-01;5.773003e-01;1.649771e-07
1.601000e+00;4.846724e-01;4.846723e-01;2.832591e-07
1.801000e+00;3.727221e-01;3.727219e-01;4.836999e-07
2.001000e+00;2.459124e-01;2.459122e-01;8.988502e-07
2.201000e+00;1.092991e-01;1.092988e-01;2.344418e-06
2.401000e+00;-3.167168e-02;-3.167196e-02;8.925517e-06
2.601000e+00;-1.713798e-01;-1.713801e-01;1.735602e-06
2.801000e+00;-3.042555e-01;-3.042558e-01;9.797253e-07
3.001000e+00;-4.250016e-01;-4.250019e-01;6.654549e-07
3.201000e+00;-5.288042e-01;-5.288044e-01;4.740004e-07
3.401000e+00;-6.115250e-01;-6.115252e-01;3.294968e-07
3.601000e+00;-6.698662e-01;-6.698664e-01;2.033372e-07
3.801000e+00;-7.015020e-01;-7.015021e-01;8.071514e-08
4.001000e+00;-7.051711e-01;-7.051711e-01;4.894220e-08
4.201000e+00;-6.807273e-01;-6.807272e-01;1.962774e-07
4.401000e+00;-6.291450e-01;-6.291448e-01;3.757502e-07
4.601000e+00;-5.524807e-01;-5.524804e-01;6.119720e-07
4.801000e+00;-4.537908e-01;-4.537903e-01;9.556096e-07
5.000000e+00;-3.376310e-01;-3.376305e-01;1.532837e-06
5.200000e+00;-2.074690e-01;-2.074684e-01;2.823165e-06
5.400000e+00;-6.903581e-02;-6.903517e-02;9.173630e-06
5.600000e+00;7.214962e-02;7.215028e-02;9.100145e-06
5.800000e+00;2.104587e-01;2.104593e-01;3.101373e-06
6.000000e+00;3.403774e-01;3.403780e-01;1.821647e-06
6.200000e+00;4.567263e-01;4.567269e-01;1.222095e-06
6.400000e+00;5.548671e-01;5.548675e-01;8.434133e-07
6.600000e+00;6.308870e-01;6.308873e-01;5.576276e-07
6.800000e+00;6.817554e-01;6.817556e-01;3.127806e-07
7.000000e+00;7.054444e-01;7.054445e-01;8.101399e-08
7.200000e+00;7.010096e-01;7.010095e-01;1.577146e-07
7.400000e+00;6.686277e-01;6.686274e-01;4.234757e-07
7.600000e+00;6.095898e-01;6.095893e-01;7.436239e-07
7.800000e+00;5.262494e-01;5.262488e-01;1.165738e-06
8.000000e+00;4.219291e-01;4.219284e-01;1.792125e-06
8.200000e+00;3.007878e-01;3.007870e-01;2.906632e-06
8.400000e+00;1.676551e-01;1.676542e-01;5.735253e-06
8.600000e+00;2.783853e-02;2.783751e-02;3.637776e-05
8.800000e+00;-1.130879e-01;-1.130889e-01;9.053703e-06
9.000000e+00;-2.495059e-01;-2.495069e-01;3.978729e-06
9.200000e+00;-3.759769e-01;-3.759778e-01;2.443485e-06
9.400000e+00;-4.874588e-01;-4.874596e-01;1.647467e-06
9.600000e+00;-5.795073e-01;-5.795080e-01;1.119888e-06
9.800000e+00;-6.484527e-01;-6.484532e-01;7.114631e-07
1.000100e+01;-6.916935e-01;-6.916937e-01;3.550862e-07
1.020100e+01;-7.070770e-01;-7.070770e-01;1.687505e-08
1.040100e+01;-6.942716e-01;-6.942714e-01;3.335690e-07
1.060100e+01;-6.537878e-01;-6.537873e-01;7.266441e-07
1.080100e+01;-5.872395e-01;-5.872388e-01;1.206112e-06
1.100100e+01;-4.972798e-01;-4.972789e-01;1.852132e-06
1.120100e+01;-3.874951e-01;-3.874940e-01;2.848168e-06
1.140100e+01;-2.622623e-01;-2.622610e-01;4.756359e-06
1.160100e+01;-1.265739e-01;-1.265725e-01;1.062562e-05
1.180100e+01;1.416067e-02;1.416206e-02;9.819476e-05
1.200100e+01;1.543307e-01;1.543320e-01;8.944856e-06
1.220100e+01;2.883480e-01;2.883493e-01;4.554759e-06
1.240100e+01;4.108698e-01;4.108709e-01;2.896474e-06
1.260100e+01;5.170115e-01;5.170125e-01;1.961100e-06
1.280100e+01;6.025416e-01;6.025423e-01;1.311916e-06
1.300100e+01;6.640502e-01;6.640507e-01;7.944674e-07
1.320100e+01;6.990853e-01;6.990855e-01;3.359008e-07
1.340100e+01;7.062500e-01;7.062500e-01;1.083743e-07
1.360100e+01;6.852588e-01;6.852584e-01;5.752644e-07
1.380100e+01;6.369485e-01;6.369478e-01;1.107205e-06
1.400100e+01;5.632451e-01;5.632441e-01;1.769362e-06
1.420100e+01;4.670868e-01;4.670856e-01;2.688300e-06
1.440100e+01;3.523073e-01;3.523058e-01;4.175010e-06
1.460100e+01;2.234824e-01;2.234808e-01;7.303199e-06
1.480100e+01;8.574795e-02;8.574622e-02;2.019039e-05
1.500100e+01;-5.540500e-02;-5.540676e-02;3.181220e-05
1.520100e+01;-1.943491e-01;-1.943508e-01;8.864617e-06
1.540100e+01;-3.255452e-01;-3.255468e-01;4.951249e-06
1.560100e+01;-4.437627e-01;-4.437642e-01;3.227659e-06
1.580100e+01;-5.442889e-01;-5.442901e-01;2.185972e-06
1.600100e+01;-6.231160e-01;-6.231169e-01;1.432555e-06
1.620100e+01;-6.771014e-01;-6.771019e-01;8.147354e-07
1.640100e+01;-7.040929e-01;-7.040931e-01;2.552369e-07
1.660100e+01;-7.030144e-01;-7.030142e-01;2.969024e-07
1.680100e+01;-6.739090e-01;-6.739084e-01;8.875893e-07
1.700100e+01;-6.179370e-01;-6.179360e-01;1.574050e-06
1.720100e+01;-5.373298e-01;-5.373284e-01;2.450233e-06
1.740100e+01;-4.353009e-01;-4.352993e-01;3.710390e-06
1.760100e+01;-3.159179e-01;-3.159161e-01;5.871997e-06
1.780100e+01;-1.839403e-01;-1.839383e-01;1.101030e-05
1.800100e+01;-4.462959e-02;-4.462748e-02;4.743732e-05
1.820100e+01;9.646037e-02;9.646249e-02;2.203159e-05
1.840100e+01;2.337048e-01;2.337068e-01;8.759972e-06
1.860100e+01;3.616321e-01;3.616340e-01;5.211411e-06
1.880000e+01;4.746184e-01;4.746200e-01;3.462702e-06
1.900000e+01;5.692909e-01;5.692922e-01;2.335347e-06
1.920000e+01;6.412676e-01;6.412686e-01;1.489213e-06
1.940000e+01;6.876790e-01;6.876796e-01;7.763990e-07
1.960000e+01;7.066749e-01;7.066749e-01;1.166744e-07
1.980000e+01;6.974978e-01;6.974974e-01;5.471816e-07
0.000000e+00;5.000000e-01;5.000000e-01;0.000000e+00
2.000000e-01;5.893680e-01;5.893680e-01;8.326560e-12
4.000000e-01;6.552397e-01;6.552397e-01;1.665895e-11
6.000000e-01;6.949890e-01;6.949890e-01;2.499399e-11
8.000000e-01;7.070314e-01;7.070314e-01;3.333191e-11
1.000000e+00;6.908866e-01;6.908866e-01;4.167330e-11
1.201000e+00;6.469133e-01;6.469133e-01;5.006799e-11
1.401000e+00;5.773004e-01;5.773004e-01;5.843869e-11
1.601000e+00;4.846724e-01;4.846724e-01;6.683662e-11
1.801000e+00;3.727221e-01;3.727221e-01;7.528264e-11
2.001000e+00;2.459124e-01;2.459124e-01;8.385574e-11
2.201000e+00;1.092991e-01;1.092991e-01;9.303109e-11
2.401000e+00;-3.167168e-02;-3.167168e-02;9.479534e-11
2.601000e+00;-1.713798e-01;-1.713798e-01;1.073198e-10
2.801000e+00;-3.042555e-01;-3.042555e-01;1.160964e-10
3.001000e+00;-4.250016e-01;-4.250016e-01;1.246174e-10
3.201000e+00;-5.288042e-01;-5.288042e-01;1.330666e-10
3.401000e+00;-6.115250e-01;-6.115250e-01;1.414920e-10
3.601000e+00;-6.698662e-01;-6.698662e-01;1.499074e-10
3.801000e+00;-7.015020e-01;-7.015020e-01;1.583240e-10
4.001000e+00;-7.051711e-01;-7.051711e-01;1.667449e-10
4.201000e+00;-6.807273e-01;-6.807273e-01;1.751572e-10
4.401000e+00;-6.291450e-01;-6.291450e-01;1.835531e-10
4.601000e+00;-5.524807e-01;-5.524807e-01;1.919350e-10
4.801000e+00;-4.537908e-01;-4.537908e-01;2.003083e-10
5.000000e+00;-3.376310e-01;-3.376310e-01;2.086342e-10
5.200000e+00;-2.074690e-01;-2.074690e-01;2.170004e-10
5.400000e+00;-6.903581e-02;-6.903581e-02;2.254286e-10
5.600000e+00;7.214962e-02;7.214962e-02;2.335099e-10
5.800000e+00;2.104587e-01;2.104587e-01;2.419167e-10
6.000000e+00;3.403774e-01;3.403774e-01;2.502524e-10
6.200000e+00;4.567263e-01;4.567263e-01;2.585690e-10
6.400000e+00;5.548671e-01;5.548671e-01;2.668717e-10
6.600000e+00;6.308870e-01;6.308870e-01;2.751645e-10
6.800000e+00;6.817554e-01;6.817554e-01;2.834382e-10
7.000000e+00;7.054444e-01;7.054444e-01;2.916982e-10
7.200000e+00;7.010096e-01;7.010096e-01;2.999352e-10
7.400000e+00;6.686277e-01;6.686277e-01;3.081422e-10
7.600000e+00;6.095898e-01;6.095898e-01;3.163021e-10
7.800000e+00;5.262494e-01;5.262494e-01;3.243853e-10
8.000000e+00;4.219291e-01;4.219291e-01;3.323349e-10
8.200000e+00;3.007878e-01;3.007878e-01;3.403377e-10
8.400000e+00;1.676551e-01;1.676551e-01;3.479219e-10
8.600000e+00;2.783853e-02;2.783853e-02;3.484577e-10
8.800000e+00;-1.130879e-01;-1.130879e-01;3.683379e-10
9.000000e+00;-2.495059e-01;-2.495059e-01;3.754040e-10
9.200000e+00;-3.759769e-01;-3.759769e-01;3.833875e-10
9.400000e+00;-4.874588e-01;-4.874588e-01;3.915780e-10
9.600000e+00;-5.795073e-01;-5.795073e-01;3.998582e-10
9.800000e+00;-6.484527e-01;-6.484527e-01;4.081952e-10
1.000100e+01;-6.916935e-01;-6.916935e-01;4.166159e-10
1.020100e+01;-7.070770e-01;-7.070770e-01;4.250361e-10
1.040100e+01;-6.942716e-01;-6.942716e-01;4.335052e-10
1.060100e+01;-6.537878e-01;-6.537878e-01;4.420350e-10
1.080100e+01;-5.872395e-01;-5.872395e-01;4.506507e-10
1.100100e+01;-4.972798e-01;-4.972798e-01;4.594114e-10
1.120100e+01;-3.874951e-01;-3.874951e-01;4.684527e-10
1.140100e+01;-2.622623e-01;-2.622623e-01;4.781994e-10
1.160100e+01;-1.265739e-01;-1.265739e-01;4.909478e-10
1.180100e+01;1.416067e-02;1.416067e-02;4.170603e-10
1.200100e+01;1.543307e-01;1.543307e-01;4.928300e-10
1.220100e+01;2.883480e-01;2.883480e-01;5.045001e-10
1.240100e+01;4.108698e-01;4.108698e-01;5.141219e-10
1.260100e+01;5.170115e-01;5.170115e-01;5.232092e-10
1.280100e+01;6.025416e-01;6.025416e-01;5.320968e-10
1.300100e+01;6.640502e-01;6.640502e-01;5.409032e-10
1.320100e+01;6.990853e-01;6.990853e-01;5.496876e-10
1.340100e+01;7.062500e-01;7.062500e-01;5.584921e-10
1.360100e+01;6.852588e-01;6.852588e-01;5.673553e-10
1.380100e+01;6.369485e-01;6.369485e-01;5.763259e-10
1.400100e+01;5.632451e-01;5.632451e-01;5.854886e-10
1.420100e+01;4.670868e-01;4.670868e-01;5.950079e-10
1.440100e+01;3.523073e-01;3.523073e-01;6.052991e-10
1.460100e+01;2.234824e-01;2.234824e-01;6.177964e-10
1.480100e+01;8.574795e-02;8.574795e-02;6.433629e-10
1.500100e+01;-5.540500e-02;-5.540500e-02;5.821139e-10
1.520100e+01;-1.943491e-01;-1.943491e-01;6.211615e-10
1.540100e+01;-3.255452e-01;-3.255452e-01;6.347494e-10
1.560100e+01;-4.437627e-01;-4.437627e-01;6.454185e-10
1.580100e+01;-5.442889e-01;-5.442889e-01;6.551871e-10
1.600100e+01;-6.231160e-01;-6.231160e-01;6.645845e-10
1.620100e+01;-6.771014e-01;-6.771014e-01;6.739217e-10
1.640100e+01;-7.040929e-01;-7.040929e-01;6.830508e-10
1.660100e+01;-7.030144e-01;-7.030144e-01;6.920573e-10
1.680100e+01;-6.739090e-01;-6.739090e-01;7.009952e-10
1.700100e+01;-6.179370e-01;-6.179370e-01;7.099156e-10
1.720100e+01;-5.373298e-01;-5.373298e-01;7.188733e-10
1.740100e+01;-4.353009e-01;-4.353009e-01;7.279777e-10
1.760100e+01;-3.159179e-01;-3.159179e-01;7.374901e-10
1.780100e+01;-1.839403e-01;-1.839403e-01;7.484543e-10
1.800100e+01;-4.462959e-02;-4.462959e-02;7.750325e-10
1.820100e+01;9.646037e-02;9.646037e-02;7.486182e-10
1.840100e+01;2.337048e-01;2.337048e-01;7.635485e-10
1.860100e+01;3.616321e-01;3.616321e-01;7.735803e-10
1.880000e+01;4.746184e-01;4.746184e-01;7.826333e-10
1.900000e+01;5.692909e-01;5.692909e-01;7.913713e-10
1.920000e+01;6.412676e-01;6.412676e-01;7.999215e-10
1.940000e+01;6.876790e-01;6.876790e-01;8.083458e-10
1.960000e+01;7.066749e-01;7.066749e-01;8.166714e-10
1.980000e+01;6.974978e-01;6.974978e-01;8.248975e-10
0.000000e+00;5.000000e-01;5.000000e-01;0.000000e+00
2.000000e-01;5.893680e-01;5.893680e-01;3.767504e-15
4.000000e-01;6.552397e-01;6.552397e-01;5.591444e-15
6.000000e-01;6.949890e-01;6.949890e-01;5.431393e-15
8.000000e-01;7.070314e-01;7.070314e-01;3.140520e-15
1.000000e+00;6.908866e-01;6.908866e-01;1.606954e-15
1.201000e+00;6.469133e-01;6.469133e-01;6.864741e-15
1.401000e+00;5.773004e-01;5.773004e-01;2.461605e-14
1.601000e+00;4.846724e-01;4.846724e-01;5.554867e-14
1.801000e+00;3.727221e-01;3.727221e-01;1.161689e-13
2.001000e+00;2.459124e-01;2.459124e-01;2.470674e-13
2.201000e+00;1.092991e-01;1.092991e-01;7.173848e-13
2.401000e+00;-3.167168e-02;-3.167168e-02;2.959664e-12
2.601000e+00;-1.713798e-01;-1.713798e-01;6.139661e-13
2.801000e+00;-3.042555e-01;-3.042555e-01;3.645333e-13
3.001000e+00;-4.250016e-01;-4.250016e-01;2.582238e-13
3.201000e+00;-5.288042e-01;-5.288042e-01;1.893747e-13
3.401000e+00;-6.115250e-01;-6.115250e-01;1.334392e-13
3.601000e+00;-6.698662e-01;-6.698662e-01;8.187458e-14
3.801000e+00;-7.015020e-01;-7.015020e-01;3.054489e-14
4.001000e+00;-7.051711e-01;-7.051711e-01;2.393091e-14
4.201000e+00;-6.807273e-01;-6.807273e-01;6.344343e-14
4.401000e+00;-6.291450e-01;-6.291450e-01;7.958588e-14
4.601000e+00;-5.524807e-01;-5.524807e-01;6.872571e-14
4.801000e+00;-4.537908e-01;-4.537908e-01;1.908311e-14
5.000000e+00;-3.376310e-01;-3.376310e-01;9.437343e-14
5.200000e+00;-2.074690e-01;-2.074690e-01;3.897064e-13
5.400000e+00;-6.903581e-02;-6.903581e-02;1.912734e-12
5.600000e+00;7.214962e-02;7.214962e-02;2.494553e-12
5.800000e+00;2.104587e-01;2.104587e-01;1.037511e-12
6.000000e+00;3.403774e-01;3.403774e-01;7.141583e-13
6.200000e+00;4.567263e-01;4.567263e-01;5.424392e-13
6.400000e+00;5.548671e-01;5.548671e-01;4.167835e-13
6.600000e+00;6.308870e-01;6.308870e-01;3.023304e-13
6.800000e+00;6.817554e-01;6.817554e-01;1.832037e-13
7.000000e+00;7.054444e-01;7.054444e-01;5.114825e-14
7.200000e+00;7.010096e-01;7.010096e-01;1.057944e-13
7.400000e+00;6.686277e-01;6.686277e-01;2.973866e-13
7.600000e+00;6.095898e-01;6.095898e-01;5.507498e-13
7.800000e+00;5.262494e-01;5.262494e-01;9.040021e-13
8.000000e+00;4.219291e-01;4.219291e-01;1.446032e-12
8.200000e+00;3.007878e-01;3.007878e-01;2.053700e-12
8.400000e+00;1.676551e-01;1.676551e-01;3.502410e-12
8.600000e+00;2.783853e-02;2.783853e-02;1.891771e-11
8.800000e+00;-1.130879e-01;-1.130879e-01;3.924115e-12
9.000000e+00;-2.495059e-01;-2.495059e-01;1.393864e-12
9.200000e+00;-3.759769e-01;-3.759769e-01;6.635172e-13
9.400000e+00;-4.874588e-01;-4.874588e-01;3.218211e-13
9.600000e+00;-5.795073e-01;-5.795073e-01;1.392790e-13
9.800000e+00;-6.484527e-01;-6.484527e-01;3.972098e-14
1.000100e+01;-6.916935e-01;-6.916935e-01;1.765587e-15
1.020100e+01;-7.070770e-01;-7.070770e-01;0.000000e+00
1.040100e+01;-6.942716e-01;-6.942716e-01;4.621454e-14
1.060100e+01;-6.537878e-01;-6.537878e-01;1.440023e-13
1.080100e+01;-5.872395e-01;-5.872395e-01;3.087317e-13
1.100100e+01;-4.972798e-01;-4.972798e-01;5.746692e-13
1.120100e+01;-3.874951e-01;-3.874951e-01;1.032449e-12
1.140100e+01;-2.622623e-01;-2.622623e-01;1.965712e-12
1.160100e+01;-1.265739e-01;-1.265739e-01;4.911515e-12
1.180100e+01;1.416067e-02;1.416067e-02;5.004171e-11
1.200100e+01;1.543307e-01;1.543307e-01;4.970013e-12
1.220100e+01;2.883480e-01;2.883480e-01;2.733128e-12
1.240100e+01;4.108698e-01;4.108698e-01;1.863388e-12
1.260100e+01;5.170115e-01;5.170115e-01;1.342331e-12
1.280100e+01;6.025416e-01;6.025416e-01;9.509487e-13
1.300100e+01;6.640502e-01;6.640502e-01;6.070655e-13
1.320100e+01;6.990853e-01;6.990853e-01;2.668022e-13
1.340100e+01;7.062500e-01;7.062500e-01;9.369103e-14
1.360100e+01;6.852588e-01;6.852588e-01;5.082415e-13
1.380100e+01;6.369485e-01;6.369485e-01;1.014272e-12
1.400100e+01;5.632451e-01;5.632451e-01;1.676437e-12
1.420100e+01;4.670868e-01;4.670868e-01;2.633972e-12
1.440100e+01;3.523073e-01;3.523073e-01;4.221313e-12
1.460100e+01;2.234824e-01;2.234824e-01;7.607117e-12
1.480100e+01;8.574795e-02;8.574795e-02;2.162235e-11
1.500100e+01;-5.540500e-02;-5.540500e-02;3.497927e-11
1.520100e+01;-1.943491e-01;-1.943491e-01;9.992624e-12
1.540100e+01;-3.255452e-01;-3.255452e-01;5.714383e-12
1.560100e+01;-4.437627e-01;-4.437627e-01;3.809801e-12
1.580100e+01;-5.442889e-01;-5.442889e-01;2.637624e-12
1.600100e+01;-6.231160e-01;-6.231160e-01;1.762129e-12
1.620100e+01;-6.771014e-01;-6.771014e-01;9.118207e-13
1.640100e+01;-7.040929e-01;-7.040929e-01;2.559168e-13
1.660100e+01;-7.030144e-01;-7.030144e-01;2.818929e-13
1.680100e+01;-6.739090e-01;-6.739090e-01;7.362398e-13
1.700100e+01;-6.179370e-01;-6.179370e-01;1.151120e-12
1.720100e+01;-5.373298e-01;-5.373298e-01;1.559144e-12
1.740100e+01;-4.353009e-01;-4.353009e-01;2.014618e-12
1.760100e+01;-3.159179e-01;-3.159179e-01;2.656090e-12
1.780100e+01;-1.839403e-01;-1.839403e-01;4.006550e-12
1.800100e+01;-4.462959e-02;-4.462959e-02;1.316381e-11
1.820100e+01;9.646037e-02;9.646037e-02;4.253096e-12
1.840100e+01;2.337048e-01;2.337048e-01;9.661404e-13
1.860100e+01;3.616321e-01;3.616321e-01;1.541157e-13
1.880000e+01;4.746184e-01;4.746184e-01;1.702931e-13
1.900000e+01;5.692909e-01;5.692909e-01;2.995485e-13
1.920000e+01;6.412676e-01;6.412676e-01;3.067854e-13
1.940000e+01;6.876790e-01;6.876790e-01;2.211796e-13
1.960000e+01;7.066749e-01;7.066749e-01;4.618893e-14
1.980000e+01;6.974978e-01;6.974978e-01;2.220453e-13
