0.000000e+00;1.000000e+00;1.000000e+00;0.000000e+00
2.000000e-01;9.800666e-01;9.810484e-01;1.001803e-03
4.000000e-01;9.210610e-01;9.229101e-01;2.007549e-03
6.000000e-01;8.253356e-01;8.278265e-01;3.018077e-03
8.000000e-01;6.967067e-01;6.995182e-01;4.035375e-03
1.000000e+00;5.403023e-01;5.430386e-01;5.064440e-03
1.200000e+00;3.623578e-01;3.645758e-01;6.121232e-03
1.400000e+00;1.699671e-01;1.712073e-01;7.296656e-03
1.600000e+00;-2.919952e-02;-2.938031e-02;6.191392e-03
1.800000e+00;-2.272021e-01;-2.291971e-01;8.780681e-03
2.000000e+00;-4.161468e-01;-4.202677e-01;9.902535e-03
2.210000e+00;-5.965565e-01;-6.031249e-01;1.101051e-02
2.410000e+00;-7.441114e-01;-7.530774e-01;1.204929e-02
2.610000e+00;-8.620008e-01;-8.732784e-01;1.308303e-02
2.810000e+00;-9.455251e-01;-9.588718e-01;1.411574e-02
3.010000e+00;-9.913542e-01;-1.006373e+00;1.514957e-02
3.210000e+00;-9.976611e-01;-1.013809e+00;1.618612e-02
3.410000e+00;-9.641945e-01;-9.808048e-01;1.722711e-02
3.610000e+00;-8.922884e-01;-9.085950e-01;1.827495e-02
3.810000e+00;-7.848097e-01;-7.999831e-01;1.933384e-02
4.010000e+00;-6.460430e-01;-6.592304e-01;2.041244e-02
4.210000e+00;-4.815207e-01;-4.918892e-01;2.153287e-02
4.410000e+00;-2.978016e-01;-3.045842e-01;2.277546e-02
4.610000e+00;-1.022102e-01;-1.047498e-01;2.484686e-02
4.810000e+00;9.745609e-02;9.966475e-02;2.266318e-02
5.010000e+00;2.932371e-01;3.005114e-01;2.480684e-02
5.210000e+00;4.773276e-01;4.897681e-01;2.606279e-02
5.410000e+00;6.423887e-01;6.598595e-01;2.719674e-02
5.610000e+00;7.818397e-01;8.039597e-01;2.829229e-02
5.810000e+00;8.901212e-01;9.162663e-01;2.937248e-02
6.010000e+00;9.629164e-01;9.922340e-01;3.044665e-02
6.210000e+00;9.973232e-01;1.028759e+00;3.151980e-02
6.410000e+00;9.919698e-01;1.024304e+00;3.259558e-02
6.610000e+00;9.470697e-01;9.789648e-01;3.367768e-02
6.810000e+00;8.644130e-01;8.944696e-01;3.477115e-02
7.010000e+00;7.472948e-01;7.741113e-01;3.588482e-02
7.210000e+00;6.003844e-01;6.226212e-01;3.703764e-02
7.410000e+00;4.295385e-01;4.459820e-01;3.828181e-02
7.610000e+00;2.415682e-01;2.511922e-01;3.983960e-02
7.810000e+00;4.396746e-02;4.598868e-02;4.597091e-02
8.010000e+00;-1.553862e-01;-1.614608e-01;3.909401e-02
8.210000e+00;-3.485451e-01;-3.628826e-01;4.113530e-02
8.410000e+00;-5.278085e-01;-5.502266e-01;4.247393e-02
8.610000e+00;-6.860300e-01;-7.159889e-01;4.367005e-02
8.810000e+00;-8.169015e-01;-8.535115e-01;4.481559e-02
9.010000e+00;-9.152058e-01;-9.572499e-01;4.593943e-02
9.210000e+00;-9.770237e-01;-1.022997e+00;4.705418e-02
9.410000e+00;-9.998908e-01;-1.048053e+00;4.816704e-02
9.610000e+00;-9.828954e-01;-1.031336e+00;4.928351e-02
9.810000e+00;-9.267150e-01;-9.734302e-01;5.040948e-02
1.001000e+01;-8.335895e-01;-8.765638e-01;5.155341e-02
1.021000e+01;-7.072313e-01;-7.445242e-01;5.273077e-02
1.041000e+01;-5.526781e-01;-5.825099e-01;5.397678e-02
1.061000e+01;-3.760913e-01;-3.969261e-01;5.539825e-02
1.081000e+01;-1.845110e-01;-1.951315e-01;5.756031e-02
1.101000e+01;1.442521e-02;1.485384e-02;2.971356e-02
1.121000e+01;2.127863e-01;2.246668e-01;5.583287e-02
1.141000e+01;4.026643e-01;4.259344e-01;5.779036e-02
1.161000e+01;5.764894e-01;6.106081e-01;5.918355e-02
1.181000e+01;7.273316e-01;7.712850e-01;6.043105e-02
1.201000e+01;8.491774e-01;9.015054e-01;6.162201e-02
1.221000e+01;9.371692e-01;9.960119e-01;6.278769e-02
1.241000e+01;9.877990e-01;1.050962e+00;6.394276e-02
1.261000e+01;9.990484e-01;1.064083e+00;6.509618e-02
1.281000e+01;9.704689e-01;1.034768e+00;6.625534e-02
1.301000e+01;9.031998e-01;9.641014e-01;6.742874e-02
1.321000e+01;7.999230e-01;8.548212e-01;6.862937e-02
1.341000e+01;6.647558e-01;7.112106e-01;6.988240e-02
1.361000e+01;5.030869e-01;5.389315e-01;7.124924e-02
1.381000e+01;3.213615e-01;3.448014e-01;7.293932e-02
1.401000e+01;1.268245e-01;1.365234e-01;7.647524e-02
1.421000e+01;-7.276868e-02;-7.761955e-02;6.666143e-02
1.441000e+01;-2.694608e-01;-2.890938e-01;7.286031e-02
1.461000e+01;-4.554103e-01;-4.894551e-01;7.475615e-02
1.481000e+01;-6.232041e-01;-6.706857e-01;7.618945e-02
1.501000e+01;-7.661527e-01;-8.255154e-01;7.748150e-02
1.521000e+01;-8.785572e-01;-9.477127e-01;7.871489e-02
1.541000e+01;-9.559364e-01;-1.032336e+00;7.992140e-02
1.561000e+01;-9.952054e-01;-1.075934e+00;8.111707e-02
1.581000e+01;-9.947988e-01;-1.076683e+00;8.231240e-02
1.601000e+01;-9.547326e-01;-1.034469e+00;8.351686e-02
1.621000e+01;-8.766043e-01;-9.508897e-01;8.474220e-02
1.641000e+01;-7.635285e-01;-8.291978e-01;8.600764e-02
1.661000e+01;-6.200133e-01;-6.741731e-01;8.735272e-02
1.681000e+01;-4.517800e-01;-4.919351e-01;8.888197e-02
1.701000e+01;-2.655358e-01;-2.897016e-01;9.100795e-02
1.721000e+01;-6.870543e-02;-7.550272e-02;9.893383e-02
1.741000e+01;1.308640e-01;1.421379e-01;8.615024e-02
1.761000e+01;3.252163e-01;3.545423e-01;9.017391e-02
1.780000e+01;4.979562e-01;5.437414e-01;9.194619e-02
1.800000e+01;6.603167e-01;7.220052e-01;9.342256e-02
1.820000e+01;7.963525e-01;8.718142e-01;9.475919e-02
1.840000e+01;9.006402e-01;9.871333e-01;9.603514e-02
1.860000e+01;9.690222e-01;1.063292e+00;9.728301e-02
1.880000e+01;9.987724e-01;1.097172e+00;9.852023e-02
1.900000e+01;9.887046e-01;1.087337e+00;9.975898e-02
1.920000e+01;9.392203e-01;1.034092e+00;1.010111e-01
1.940000e+01;8.522923e-01;9.394751e-01;1.022921e-01
1.960000e+01;7.313861e-01;8.071789e-01;1.036290e-01
1.980000e+01;5.813218e-01;6.424074e-01;1.050805e-01
0.000000e+00;1.000000e+00;1.000000e+00;0.000000e+00
2.000000e-01;9.800666e-01;9.800659e-01;6.506854e-07
4.000000e-01;9.210610e-01;9.210584e-01;2.768559e-06
6.000000e-01;8.253356e-01;8.253300e-01;6.766213e-06
8.000000e-01;6.967067e-01;6.966972e-01;1.362819e-05
1.000000e+00;5.403023e-01;5.402883e-01;2.583116e-05
1.200000e+00;3.623578e-01;3.623392e-01;5.129170e-05
1.400000e+00;1.699671e-01;1.699442e-01;1.351052e-04
1.600000e+00;-2.919952e-02;-2.922618e-02;9.130400e-04
1.800000e+00;-2.272021e-01;-2.272314e-01;1.288086e-04
2.000000e+00;-4.161468e-01;-4.161772e-01;7.308194e-05
2.210000e+00;-5.965565e-01;-5.965862e-01;4.982744e-05
2.410000e+00;-7.441114e-01;-7.441384e-01;3.636060e-05
2.610000e+00;-8.620008e-01;-8.620232e-01;2.590509e-05
2.810000e+00;-9.455251e-01;-9.455406e-01;1.647464e-05
3.010000e+00;-9.913542e-01;-9.913611e-01;7.014731e-06
3.210000e+00;-9.976611e-01;-9.976579e-01;3.265585e-06
3.410000e+00;-9.641945e-01;-9.641798e-01;1.520658e-05
3.610000e+00;-8.922884e-01;-8.922617e-01;2.999182e-05
3.810000e+00;-7.848097e-01;-7.847707e-01;4.966802e-05
4.010000e+00;-6.460430e-01;-6.459924e-01;7.846235e-05
4.210000e+00;-4.815207e-01;-4.814595e-01;1.271856e-04
4.410000e+00;-2.978016e-01;-2.977316e-01;2.350548e-04
4.610000e+00;-1.022102e-01;-1.021338e-01;7.471868e-04
4.810000e+00;9.745609e-02;9.753593e-02;8.192510e-04
5.010000e+00;2.932371e-01;2.933171e-01;2.728495e-04
5.210000e+00;4.773276e-01;4.774043e-01;1.604966e-04
5.410000e+00;6.423887e-01;6.424582e-01;1.082392e-04
5.610000e+00;7.818397e-01;7.818985e-01;7.525645e-05
5.810000e+00;8.901212e-01;8.901660e-01;5.029680e-05
6.010000e+00;9.629164e-01;9.629441e-01;2.881116e-05
6.210000e+00;9.973232e-01;9.973315e-01;8.358905e-06
6.410000e+00;9.919698e-01;9.919571e-01;1.282519e-05
6.610000e+00;9.470697e-01;9.470351e-01;3.652189e-05
6.810000e+00;8.644130e-01;8.643566e-01;6.517010e-05
7.010000e+00;7.472948e-01;7.472178e-01;1.030155e-04
7.210000e+00;6.003844e-01;6.002888e-01;1.591632e-04
7.410000e+00;4.295385e-01;4.294273e-01;2.587165e-04
7.610000e+00;2.415682e-01;2.414454e-01;5.085337e-04
7.810000e+00;4.396746e-02;4.383746e-02;2.956606e-03
8.010000e+00;-1.553862e-01;-1.555182e-01;8.496821e-04
8.210000e+00;-3.485451e-01;-3.486737e-01;3.689724e-04
8.410000e+00;-5.278085e-01;-5.279281e-01;2.265948e-04
8.610000e+00;-6.860300e-01;-6.861351e-01;1.532514e-04
8.810000e+00;-8.169015e-01;-8.169871e-01;1.047598e-04
9.010000e+00;-9.152058e-01;-9.152674e-01;6.723500e-05
9.210000e+00;-9.770237e-01;-9.770576e-01;3.462339e-05
9.410000e+00;-9.998908e-01;-9.998943e-01;3.481732e-06
9.610000e+00;-9.828954e-01;-9.828671e-01;2.882109e-05
9.810000e+00;-9.267150e-01;-9.266547e-01;6.508128e-05
1.001000e+01;-8.335895e-01;-8.334983e-01;1.093129e-04
1.021000e+01;-7.072313e-01;-7.071119e-01;1.688401e-04
1.041000e+01;-5.526781e-01;-5.525342e-01;2.603306e-04
1.061000e+01;-3.760913e-01;-3.759280e-01;4.343442e-04
1.081000e+01;-1.845110e-01;-1.843342e-01;9.583271e-04
1.101000e+01;1.442521e-02;1.460871e-02;1.272046e-02
1.121000e+01;2.127863e-01;2.129692e-01;8.592838e-04
1.141000e+01;4.026643e-01;4.028390e-01;4.336880e-04
1.161000e+01;5.764894e-01;5.766483e-01;2.756878e-04
1.181000e+01;7.273316e-01;7.274677e-01;1.871771e-04
1.201000e+01;8.491774e-01;8.492844e-01;1.259623e-04
1.221000e+01;9.371692e-01;9.372416e-01;7.725929e-05
1.241000e+01;9.877990e-01;9.878327e-01;3.413781e-05
1.261000e+01;9.990484e-01;9.990408e-01;7.620837e-06
1.281000e+01;9.704689e-01;9.704189e-01;5.148906e-05
1.301000e+01;9.031998e-01;9.031082e-01;1.014383e-04
1.321000e+01;7.999230e-01;7.997922e-01;1.635374e-04
1.341000e+01;6.647558e-01;6.645900e-01;2.495136e-04
1.361000e+01;5.030869e-01;5.028917e-01;3.879827e-04
1.381000e+01;3.213615e-01;3.211441e-01;6.765136e-04
1.401000e+01;1.268245e-01;1.265931e-01;1.824485e-03
1.421000e+01;-7.276868e-02;-7.300501e-02;3.247633e-03
1.441000e+01;-2.694608e-01;-2.696925e-01;8.600669e-04
1.461000e+01;-4.554103e-01;-4.556279e-01;4.778013e-04
1.481000e+01;-6.232041e-01;-6.233983e-01;3.115634e-04
1.501000e+01;-7.661527e-01;-7.663149e-01;2.116820e-04
1.521000e+01;-8.785572e-01;-8.786799e-01;1.396833e-04
1.541000e+01;-9.559364e-01;-9.560136e-01;8.076612e-05
1.561000e+01;-9.952054e-01;-9.952328e-01;2.748531e-05
1.581000e+01;-9.947988e-01;-9.947739e-01;2.503809e-05
1.601000e+01;-9.547326e-01;-9.546551e-01;8.116909e-05
1.621000e+01;-8.766043e-01;-8.764760e-01;1.463141e-04
1.641000e+01;-7.635285e-01;-7.633534e-01;2.292994e-04
1.661000e+01;-6.200133e-01;-6.197973e-01;3.482690e-04
1.681000e+01;-4.517800e-01;-4.515310e-01;5.511673e-04
1.701000e+01;-2.655358e-01;-2.652630e-01;1.027210e-03
1.721000e+01;-6.870543e-02;-6.841942e-02;4.162737e-03
1.741000e+01;1.308640e-01;1.311519e-01;2.200320e-03
1.761000e+01;3.252163e-01;3.254945e-01;8.555519e-04
1.780000e+01;4.979562e-01;4.982146e-01;5.188185e-04
1.800000e+01;6.603167e-01;6.605435e-01;3.433896e-04
1.820000e+01;7.963525e-01;7.965377e-01;2.326055e-04
1.840000e+01;9.006402e-01;9.007755e-01;1.502178e-04
1.860000e+01;9.690222e-01;9.691010e-01;8.128414e-05
1.880000e+01;9.987724e-01;9.987902e-01;1.784073e-05
1.900000e+01;9.887046e-01;9.886595e-01;4.567714e-05
1.920000e+01;9.392203e-01;9.391127e-01;1.146181e-04
1.940000e+01;8.522923e-01;8.521252e-01;1.960568e-04
1.960000e+01;7.313861e-01;7.311651e-01;3.021875e-04
1.980000e+01;5.813218e-01;5.810547e-01;4.594664e-04
0.000000e+00;1.000000e+00;1.000000e+00;0.000000e+00
2.000000e-01;9.800666e-01;9.800666e-01;8.346570e-09
4.000000e-01;9.210610e-01;9.210610e-01;1.672248e-08
6.000000e-01;8.253356e-01;8.253356e-01;2.513599e-08
8.000000e-01;6.967067e-01;6.967067e-01;3.360679e-08
1.000000e+00;5.403023e-01;5.403023e-01;4.218441e-08
1.200000e+00;3.623578e-01;3.623577e-01;5.102718e-08
1.400000e+00;1.699671e-01;1.699671e-01;6.103703e-08
1.600000e+00;-2.919952e-02;-2.919952e-02;4.840733e-08
1.800000e+00;-2.272021e-01;-2.272021e-01;7.242577e-08
2.000000e+00;-4.161468e-01;-4.161468e-01;8.187388e-08
2.210000e+00;-5.965565e-01;-5.965565e-01;9.108920e-08
2.410000e+00;-7.441114e-01;-7.441113e-01;9.969209e-08
2.610000e+00;-8.620008e-01;-8.620007e-01;1.082348e-07
2.810000e+00;-9.455251e-01;-9.455249e-01;1.167569e-07
3.010000e+00;-9.913542e-01;-9.913540e-01;1.252797e-07
3.210000e+00;-9.976611e-01;-9.976610e-01;1.338188e-07
3.410000e+00;-9.641945e-01;-9.641943e-01;1.423912e-07
3.610000e+00;-8.922884e-01;-8.922883e-01;1.510205e-07
3.810000e+00;-7.848097e-01;-7.848096e-01;1.597476e-07
4.010000e+00;-6.460430e-01;-6.460429e-01;1.686571e-07
4.210000e+00;-4.815207e-01;-4.815206e-01;1.779651e-07
4.410000e+00;-2.978016e-01;-2.978016e-01;1.884562e-07
4.610000e+00;-1.022102e-01;-1.022102e-01;2.070329e-07
4.810000e+00;9.745609e-02;9.745607e-02;1.840360e-07
5.010000e+00;2.932371e-01;2.932370e-01;2.032982e-07
5.210000e+00;4.773276e-01;4.773275e-01;2.138789e-07
5.410000e+00;6.423887e-01;6.423885e-01;2.232577e-07
5.610000e+00;7.818397e-01;7.818395e-01;2.322509e-07
5.810000e+00;8.901212e-01;8.901210e-01;2.410837e-07
6.010000e+00;9.629164e-01;9.629161e-01;2.498470e-07
6.210000e+00;9.973232e-01;9.973229e-01;2.585896e-07
6.410000e+00;9.919698e-01;9.919695e-01;2.673468e-07
6.610000e+00;9.470697e-01;9.470695e-01;2.761543e-07
6.810000e+00;8.644130e-01;8.644127e-01;2.850609e-07
7.010000e+00;7.472948e-01;7.472946e-01;2.941514e-07
7.210000e+00;6.003844e-01;6.003842e-01;3.036080e-07
7.410000e+00;4.295385e-01;4.295383e-01;3.139327e-07
7.610000e+00;2.415682e-01;2.415682e-01;3.272629e-07
7.810000e+00;4.396746e-02;4.396744e-02;3.845611e-07
8.010000e+00;-1.553862e-01;-1.553861e-01;3.167639e-07
8.210000e+00;-3.485451e-01;-3.485449e-01;3.347123e-07
8.410000e+00;-5.278085e-01;-5.278084e-01;3.458936e-07
8.610000e+00;-6.860300e-01;-6.860297e-01;3.556941e-07
8.810000e+00;-8.169015e-01;-8.169012e-01;3.649975e-07
9.010000e+00;-9.152058e-01;-9.152055e-01;3.740816e-07
9.210000e+00;-9.770237e-01;-9.770234e-01;3.830674e-07
9.410000e+00;-9.998908e-01;-9.998904e-01;3.920238e-07
9.610000e+00;-9.828954e-01;-9.828950e-01;4.010035e-07
9.810000e+00;-9.267150e-01;-9.267146e-01;4.100623e-07
1.001000e+01;-8.335895e-01;-8.335891e-01;4.192805e-07
1.021000e+01;-7.072313e-01;-7.072310e-01;4.288047e-07
1.041000e+01;-5.526781e-01;-5.526778e-01;4.389681e-07
1.061000e+01;-3.760913e-01;-3.760912e-01;4.507822e-07
1.081000e+01;-1.845110e-01;-1.845109e-01;4.695961e-07
1.101000e+01;1.442521e-02;1.442521e-02;2.043353e-07
1.121000e+01;2.127863e-01;2.127862e-01;4.499085e-07
1.141000e+01;4.026643e-01;4.026641e-01;4.667545e-07
1.161000e+01;5.764894e-01;5.764891e-01;4.782483e-07
1.181000e+01;7.273316e-01;7.273312e-01;4.883522e-07
1.201000e+01;8.491774e-01;8.491770e-01;4.979101e-07
1.221000e+01;9.371692e-01;9.371687e-01;5.072177e-07
1.241000e+01;9.877990e-01;9.877985e-01;5.164138e-07
1.261000e+01;9.990484e-01;9.990479e-01;5.255825e-07
1.281000e+01;9.704689e-01;9.704683e-01;5.347935e-07
1.301000e+01;9.031998e-01;9.031993e-01;5.441261e-07
1.321000e+01;7.999230e-01;7.999226e-01;5.537017e-07
1.341000e+01;6.647558e-01;6.647555e-01;5.637549e-07
1.361000e+01;5.030869e-01;5.030866e-01;5.748580e-07
1.381000e+01;3.213615e-01;3.213613e-01;5.889625e-07
1.401000e+01;1.268245e-01;1.268244e-01;6.202571e-07
1.421000e+01;-7.276868e-02;-7.276865e-02;5.271412e-07
1.441000e+01;-2.694608e-01;-2.694606e-01;5.832294e-07
1.461000e+01;-4.554103e-01;-4.554101e-01;5.992088e-07
1.481000e+01;-6.232041e-01;-6.232037e-01;6.108673e-07
1.501000e+01;-7.661527e-01;-7.661522e-01;6.211986e-07
1.521000e+01;-8.785572e-01;-8.785566e-01;6.309722e-07
1.541000e+01;-9.559364e-01;-9.559358e-01;6.404842e-07
1.561000e+01;-9.952054e-01;-9.952048e-01;6.498834e-07
1.581000e+01;-9.947988e-01;-9.947981e-01;6.592675e-07
1.601000e+01;-9.547326e-01;-9.547320e-01;6.687237e-07
1.621000e+01;-8.766043e-01;-8.766037e-01;6.783602e-07
1.641000e+01;-7.635285e-01;-7.635280e-01;6.883535e-07
1.661000e+01;-6.200133e-01;-6.200128e-01;6.990665e-07
1.681000e+01;-4.517800e-01;-4.517797e-01;7.114582e-07
1.701000e+01;-2.655358e-01;-2.655356e-01;7.293129e-07
1.721000e+01;-6.870543e-02;-6.870537e-02;8.003590e-07
1.741000e+01;1.308640e-01;1.308639e-01;6.814273e-07
1.761000e+01;3.252163e-01;3.252160e-01;7.166570e-07
1.780000e+01;4.979562e-01;4.979558e-01;7.313087e-07
1.800000e+01;6.603167e-01;6.603162e-01;7.431509e-07
1.820000e+01;7.963525e-01;7.963519e-01;7.537002e-07
1.840000e+01;9.006402e-01;9.006395e-01;7.636815e-07
1.860000e+01;9.690222e-01;9.690214e-01;7.733937e-07
1.880000e+01;9.987724e-01;9.987716e-01;7.829961e-07
1.900000e+01;9.887046e-01;9.887038e-01;7.926000e-07
1.920000e+01;9.392203e-01;9.392196e-01;8.023123e-07
1.940000e+01;8.522923e-01;8.522916e-01;8.122746e-07
1.960000e+01;7.313861e-01;7.313855e-01;8.227306e-07
1.980000e+01;5.813218e-01;5.813213e-01;8.342096e-07
0.000000e+00;1.000000e+00;1.000000e+00;0.000000e+00
2.000000e-01;9.800666e-01;9.800666e-01;3.239819e-12
4.000000e-01;9.210610e-01;9.210610e-01;1.381467e-11
6.000000e-01;8.253356e-01;8.253356e-01;3.378911e-11
8.000000e-01;6.967067e-01;6.967067e-01;6.808484e-11
1.000000e+00;5.403023e-01;5.403023e-01;1.290859e-10
1.200000e+00;3.623578e-01;3.623578e-01;2.563744e-10
1.400000e+00;1.699671e-01;1.699671e-01;6.754293e-10
1.600000e+00;-2.919952e-02;-2.919952e-02;4.565333e-09
1.800000e+00;-2.272021e-01;-2.272021e-01;6.441735e-10
2.000000e+00;-4.161468e-01;-4.161468e-01;3.655531e-10
2.210000e+00;-5.965565e-01;-5.965565e-01;2.492893e-10
2.410000e+00;-7.441114e-01;-7.441114e-01;1.819670e-10
2.610000e+00;-8.620008e-01;-8.620008e-01;1.297039e-10
2.810000e+00;-9.455251e-01;-9.455251e-01;8.256811e-11
3.010000e+00;-9.913542e-01;-9.913542e-01;3.528688e-11
3.210000e+00;-9.976611e-01;-9.976611e-01;1.609524e-11
3.410000e+00;-9.641945e-01;-9.641945e-01;7.577897e-11
3.610000e+00;-8.922884e-01;-8.922884e-01;1.496815e-10
3.810000e+00;-7.848097e-01;-7.848097e-01;2.480340e-10
4.010000e+00;-6.460430e-01;-6.460430e-01;3.919711e-10
4.210000e+00;-4.815207e-01;-4.815207e-01;6.355359e-10
4.410000e+00;-2.978016e-01;-2.978016e-01;1.174788e-09
4.610000e+00;-1.022102e-01;-1.022102e-01;3.735052e-09
4.810000e+00;9.745609e-02;9.745609e-02;4.095987e-09
5.010000e+00;2.932371e-01;2.932371e-01;1.364402e-09
5.210000e+00;4.773276e-01;4.773276e-01;8.027369e-10
5.410000e+00;6.423887e-01;6.423887e-01;5.415043e-10
5.610000e+00;7.818397e-01;7.818397e-01;3.766312e-10
5.810000e+00;8.901212e-01;8.901212e-01;2.518688e-10
6.010000e+00;9.629164e-01;9.629164e-01;1.444741e-10
6.210000e+00;9.973232e-01;9.973232e-01;4.224627e-11
6.410000e+00;9.919698e-01;9.919698e-01;6.364010e-11
6.610000e+00;9.470697e-01;9.470697e-01;1.820865e-10
6.810000e+00;8.644130e-01;8.644130e-01;3.252848e-10
7.010000e+00;7.472948e-01;7.472948e-01;5.144595e-10
7.210000e+00;6.003844e-01;6.003844e-01;7.951275e-10
7.410000e+00;4.295385e-01;4.295385e-01;1.292780e-09
7.610000e+00;2.415682e-01;2.415682e-01;2.541604e-09
7.810000e+00;4.396746e-02;4.396746e-02;1.477954e-08
8.010000e+00;-1.553862e-01;-1.553862e-01;4.248168e-09
8.210000e+00;-3.485451e-01;-3.485451e-01;1.845110e-09
8.410000e+00;-5.278085e-01;-5.278085e-01;1.133379e-09
8.610000e+00;-6.860300e-01;-6.860300e-01;7.667506e-10
8.810000e+00;-8.169015e-01;-8.169015e-01;5.243581e-10
9.010000e+00;-9.152058e-01;-9.152058e-01;3.367885e-10
9.210000e+00;-9.770237e-01;-9.770237e-01;1.737803e-10
9.410000e+00;-9.998908e-01;-9.998908e-01;1.812126e-11
9.610000e+00;-9.828954e-01;-9.828954e-01;1.433429e-10
9.810000e+00;-9.267150e-01;-9.267150e-01;3.245886e-10
1.001000e+01;-8.335895e-01;-8.335895e-01;5.456830e-10
1.021000e+01;-7.072313e-01;-7.072313e-01;8.432380e-10
1.041000e+01;-5.526781e-01;-5.526781e-01;1.300575e-09
1.061000e+01;-3.760913e-01;-3.760913e-01;2.170437e-09
1.081000e+01;-1.845110e-01;-1.845110e-01;4.789766e-09
1.101000e+01;1.442521e-02;1.442521e-02;6.358931e-08
1.121000e+01;2.127863e-01;2.127863e-01;4.296348e-09
1.141000e+01;4.026643e-01;4.026643e-01;2.168849e-09
1.161000e+01;5.764894e-01;5.764894e-01;1.379037e-09
1.181000e+01;7.273316e-01;7.273316e-01;9.365968e-10
1.201000e+01;8.491774e-01;8.491774e-01;6.306074e-10
1.221000e+01;9.371692e-01;9.371692e-01;3.871628e-10
1.241000e+01;9.877990e-01;9.877990e-01;1.716204e-10
1.261000e+01;9.990484e-01;9.990484e-01;3.710888e-11
1.281000e+01;9.704689e-01;9.704689e-01;2.563838e-10
1.301000e+01;9.031998e-01;9.031998e-01;5.060567e-10
1.321000e+01;7.999230e-01;7.999230e-01;8.164654e-10
1.341000e+01;6.647558e-01;6.647558e-01;1.246232e-09
1.361000e+01;5.030869e-01;5.030869e-01;1.938404e-09
1.381000e+01;3.213615e-01;3.213615e-01;3.380716e-09
1.401000e+01;1.268245e-01;1.268245e-01;9.119262e-09
1.421000e+01;-7.276868e-02;-7.276868e-02;1.623563e-08
1.441000e+01;-2.694608e-01;-2.694608e-01;4.300509e-09
1.461000e+01;-4.554103e-01;-4.554103e-01;2.389629e-09
1.481000e+01;-6.232041e-01;-6.232041e-01;1.558645e-09
1.501000e+01;-7.661527e-01;-7.661527e-01;1.059369e-09
1.521000e+01;-8.785572e-01;-8.785572e-01;6.994751e-10
1.541000e+01;-9.559364e-01;-9.559364e-01;4.049753e-10
1.561000e+01;-9.952054e-01;-9.952054e-01;1.386509e-10
1.581000e+01;-9.947988e-01;-9.947988e-01;1.238870e-10
1.601000e+01;-9.547326e-01;-9.547326e-01;4.044584e-10
1.621000e+01;-8.766043e-01;-8.766043e-01;7.301098e-10
1.641000e+01;-7.635285e-01;-7.635285e-01;1.144962e-09
1.661000e+01;-6.200133e-01;-6.200133e-01;1.739729e-09
1.681000e+01;-4.517800e-01;-4.517800e-01;2.754111e-09
1.701000e+01;-2.655358e-01;-2.655358e-01;5.134118e-09
1.721000e+01;-6.870543e-02;-6.870543e-02;2.081053e-08
1.741000e+01;1.308640e-01;1.308640e-01;1.100234e-08
1.761000e+01;3.252163e-01;3.252163e-01;4.279029e-09
1.780000e+01;4.979562e-01;4.979562e-01;2.595499e-09
1.800000e+01;6.603167e-01;6.603167e-01;1.718426e-09
1.820000e+01;7.963525e-01;7.963525e-01;1.164547e-09
1.840000e+01;9.006402e-01;9.006402e-01;7.526333e-10
1.860000e+01;9.690222e-01;9.690222e-01;4.079770e-10
1.880000e+01;9.987724e-01;9.987724e-01;9.076091e-11
1.900000e+01;9.887046e-01;9.887046e-01;2.268395e-10
1.920000e+01;9.392203e-01;9.392203e-01;5.715708e-10
1.940000e+01;8.522923e-01;8.522923e-01;9.788110e-10
1.960000e+01;7.313861e-01;7.313861e-01;1.509544e-09
1.980000e+01;5.813218e-01;5.813218e-01;2.296079e-09
