0.000000e+00;0.000000e+00;0.000000e+00;nan
2.000000e-01;1.986693e-01;2.000000e-01;6.697910e-03
4.000000e-01;3.894183e-01;3.960000e-01;1.690125e-02
7.000000e-01;6.442177e-01;6.652099e-01;3.258559e-02
9.000000e-01;7.833269e-01;8.172564e-01;4.331460e-02
1.100000e+00;8.912074e-01;9.395871e-01;5.428556e-02
1.200000e+00;9.320391e-01;9.878410e-01;5.987081e-02
1.400000e+00;9.854497e-01;1.055679e+00;7.126601e-02
1.600000e+00;9.995736e-01;1.082547e+00;8.300919e-02
1.800000e+00;9.738476e-01;1.066546e+00;9.518765e-02
2.000000e+00;9.092974e-01;1.007454e+00;1.079480e-01
2.200000e+00;8.084964e-01;9.067760e-01;1.215585e-01
2.400000e+00;6.754632e-01;7.677124e-01;1.365718e-01
2.600000e+00;5.155014e-01;5.950683e-01;1.543487e-01
2.800000e+00;3.349882e-01;3.950919e-01;1.794204e-01
3.000000e+00;1.411200e-01;1.752527e-01;2.418700e-01
3.200000e+00;-5.837414e-02;-5.603287e-02;4.010810e-02
3.400000e+00;-2.555411e-01;-2.897204e-01;1.337525e-01
3.600000e+00;-4.425204e-01;-5.164872e-01;1.671487e-01
3.800000e+00;-6.118579e-01;-7.271009e-01;1.883493e-01
4.000000e+00;-7.568025e-01;-9.127912e-01;2.061154e-01
4.200000e+00;-8.715758e-01;-1.065611e+00;2.226257e-01
4.500000e+00;-9.775301e-01;-1.218748e+00;2.467629e-01
4.700000e+00;-9.999233e-01;-1.262939e+00;2.630362e-01
4.900000e+00;-9.824526e-01;-1.257375e+00;2.798324e-01
5.100000e+00;-9.258147e-01;-1.201278e+00;2.975356e-01
5.300000e+00;-8.322674e-01;-1.095882e+00;3.167420e-01
5.500000e+00;-7.055403e-01;-9.444223e-01;3.385801e-01
5.700000e+00;-5.506855e-01;-7.520473e-01;3.656566e-01
5.900000e+00;-3.738767e-01;-5.256486e-01;4.059411e-01
6.100000e+00;-1.821625e-01;-2.736207e-01;5.020690e-01
6.300000e+00;1.681390e-02;-5.554814e-03;1.330370e+00
6.500000e+00;2.151200e-01;2.681219e-01;2.463830e-01
6.700000e+00;4.048499e-01;5.365478e-01;3.253006e-01
6.900000e+00;5.784398e-01;7.888536e-01;3.637609e-01
7.100000e+00;7.289690e-01;1.014598e+00;3.918254e-01
7.300000e+00;8.504366e-01;1.204194e+00;4.159712e-01
7.500000e+00;9.380000e-01;1.349313e+00;4.384996e-01
7.700000e+00;9.881682e-01;1.443241e+00;4.605214e-01
7.900000e+00;9.989413e-01;1.481183e+00;4.827529e-01
8.100000e+00;9.698898e-01;1.460493e+00;5.058336e-01
8.300000e+00;9.021718e-01;1.380821e+00;5.305516e-01
8.500000e+00;7.984871e-01;1.244176e+00;5.581668e-01
8.700000e+00;6.629692e-01;1.054894e+00;5.911653e-01
8.900000e+00;5.010209e-01;8.195053e-01;6.356711e-01
9.100000e+00;3.190984e-01;5.465236e-01;7.127120e-01
9.300000e+00;1.244544e-01;2.461393e-01;9.777465e-01
9.500000e+00;-7.515112e-02;-7.015288e-02;6.650923e-02
9.700000e+00;-2.717606e-01;-3.899894e-01;4.350475e-01
9.900000e+00;-4.575359e-01;-7.006161e-01;5.312811e-01
1.010000e+01;-6.250706e-01;-9.893916e-01;5.828477e-01
1.030000e+01;-7.676858e-01;-1.244297e+00;6.208414e-01
1.050000e+01;-8.796958e-01;-1.454430e+00;6.533325e-01
1.070000e+01;-9.566350e-01;-1.610463e+00;6.834668e-01
1.090000e+01;-9.954363e-01;-1.705054e+00;7.128707e-01
1.110000e+01;-9.945526e-01;-1.733173e+00;7.426656e-01
1.130000e+01;-9.540192e-01;-1.692357e+00;7.739229e-01
1.150000e+01;-8.754522e-01;-1.582857e+00;8.080447e-01
1.170000e+01;-7.619836e-01;-1.407683e+00;8.473931e-01
1.190000e+01;-6.181371e-01;-1.172541e+00;8.968941e-01
1.210000e+01;-4.496475e-01;-8.856529e-01;9.696606e-01
1.230000e+01;-2.632318e-01;-5.574840e-01;1.117844e+00
1.250000e+01;-6.632190e-02;-2.003638e-01;2.021080e+00
1.270000e+01;1.332320e-01;1.719691e-01;2.907490e-01
1.290000e+01;3.274744e-01;5.448900e-01;6.639160e-01
1.310000e+01;5.086615e-01;9.034564e-01;7.761448e-01
1.330000e+01;6.695698e-01;1.233001e+00;8.414832e-01
1.350000e+01;8.037844e-01;1.519727e+00;8.907146e-01
1.370000e+01;9.059547e-01;1.751275e+00;9.330708e-01
1.390000e+01;9.720075e-01;1.917250e+00;9.724645e-01
1.410000e+01;9.993094e-01;2.009680e+00;1.011069e+00
1.430000e+01;9.867720e-01;2.023380e+00;1.050504e+00
1.450000e+01;9.348951e-01;1.956218e+00;1.092446e+00
1.470000e+01;8.457468e-01;1.809261e+00;1.139246e+00
1.490000e+01;7.228813e-01;1.586799e+00;1.195103e+00
1.510000e+01;5.711969e-01;1.296235e+00;1.269331e+00
1.530000e+01;3.967406e-01;9.478513e-01;1.389096e+00
1.550000e+01;2.064675e-01;5.544566e-01;1.685443e+00
1.570000e+01;7.963184e-03;1.309208e-01;1.544077e+01
1.590000e+01;-1.908586e-01;-3.063779e-01;6.052612e-01
1.610000e+01;-3.820714e-01;-7.401805e-01;9.372832e-01
1.630000e+01;-5.580523e-01;-1.153021e+00;1.066153e+00
1.650000e+01;-7.117853e-01;-1.527924e+00;1.146608e+00
1.670000e+01;-8.371418e-01;-1.849093e+00;1.208817e+00
1.690000e+01;-9.291240e-01;-2.102568e+00;1.262958e+00
1.700000e+01;-9.613975e-01;-2.200210e+00;1.288554e+00
1.720000e+01;-9.969001e-01;-2.331439e+00;1.338689e+00
1.740000e+01;-9.926594e-01;-2.371816e+00;1.389355e+00
1.760000e+01;-9.488445e-01;-2.317894e+00;1.442860e+00
1.780000e+01;-8.672022e-01;-2.169941e+00;1.502232e+00
1.800000e+01;-7.509872e-01;-1.931999e+00;1.572613e+00
1.820000e+01;-6.048328e-01;-1.611802e+00;1.664872e+00
1.840000e+01;-4.345656e-01;-1.220535e+00;1.808633e+00
1.860000e+01;-2.469737e-01;-7.724609e-01;2.127706e+00
1.880000e+01;-4.953564e-02;-2.844044e-01;4.741410e+00
1.900000e+01;1.498772e-01;2.248667e-01;5.003393e-01
1.920000e+01;3.433149e-01;7.353569e-01;1.141931e+00
1.940000e+01;5.230658e-01;1.226620e+00;1.345059e+00
1.960000e+01;6.819636e-01;1.678570e+00;1.461378e+00
1.980000e+01;8.136737e-01;2.072294e+00;1.546837e+00
0.000000e+00;0.000000e+00;0.000000e+00;nan
2.000000e-01;1.986693e-01;1.990000e-01;1.664420e-03
4.000000e-01;3.894183e-01;3.900499e-01;1.621926e-03
7.000000e-01;6.442177e-01;6.451633e-01;1.467892e-03
9.000000e-01;7.833269e-01;7.843439e-01;1.298263e-03
1.100000e+00;8.912074e-01;8.921576e-01;1.066263e-03
1.200000e+00;9.320391e-01;9.328997e-01;9.233550e-04
1.400000e+00;9.854497e-01;9.860150e-01;5.736107e-04
1.600000e+00;9.995736e-01;9.996924e-01;1.188031e-04
1.800000e+00;9.738476e-01;9.733827e-01;4.774108e-04
2.000000e+00;9.092974e-01;9.081364e-01;1.276805e-03
2.200000e+00;8.084964e-01;8.065614e-01;2.393291e-03
2.400000e+00;6.754632e-01;6.727189e-01;4.062805e-03
2.600000e+00;5.155014e-01;5.119609e-01;6.867967e-03
2.800000e+00;3.349882e-01;3.307165e-01;1.275174e-02
3.000000e+00;1.411200e-01;1.362343e-01;3.462099e-02
3.200000e+00;-5.837414e-02;-6.370698e-02;9.135614e-02
3.400000e+00;-2.555411e-01;-2.611100e-01;2.179246e-02
3.600000e+00;-4.425204e-01;-4.480784e-01;1.255985e-02
3.800000e+00;-6.118579e-01;-6.171331e-01;8.621634e-03
4.000000e+00;-7.568025e-01;-7.615109e-01;6.221454e-03
4.200000e+00;-8.715758e-01;-8.754355e-01;4.428437e-03
4.500000e+00;-9.775301e-01;-9.796299e-01;2.148012e-03
4.700000e+00;-9.999233e-01;-1.000577e+00;6.539671e-04
4.900000e+00;-9.824526e-01;-9.815024e-01;9.671388e-04
5.100000e+00;-9.258147e-01;-9.231667e-01;2.860205e-03
5.300000e+00;-8.322674e-01;-8.279013e-01;5.246085e-03
5.500000e+00;-7.055403e-01;-6.995151e-01;8.539853e-03
5.700000e+00;-5.506855e-01;-5.431419e-01;1.369862e-02
5.900000e+00;-3.738767e-01;-3.650352e-01;2.364806e-02
6.100000e+00;-1.821625e-01;-1.723182e-01;5.404137e-02
6.300000e+00;1.681390e-02;2.730119e-02;6.237272e-01
6.500000e+00;2.151200e-01;2.258385e-01;4.982574e-02
6.700000e+00;4.048499e-01;4.153522e-01;2.594117e-02
6.900000e+00;5.784398e-01;5.882613e-01;1.697933e-02
7.100000e+00;7.289690e-01;7.376486e-01;1.190658e-02
7.300000e+00;8.504366e-01;8.575374e-01;8.349540e-03
7.500000e+00;9.380000e-01;9.431307e-01;5.469834e-03
7.700000e+00;9.881682e-01;9.910030e-01;2.868748e-03
7.900000e+00;9.989413e-01;9.992377e-01;2.966412e-04
8.100000e+00;9.698898e-01;9.675032e-01;2.460700e-03
8.300000e+00;9.021718e-01;8.970670e-01;5.658359e-03
8.500000e+00;7.984871e-01;7.907446e-01;9.696432e-03
8.700000e+00;6.629692e-01;6.527871e-01;1.535830e-02
8.900000e+00;5.010209e-01;4.887113e-01;2.456899e-02
9.100000e+00;3.190984e-01;3.050788e-01;4.393508e-02
9.300000e+00;1.244544e-01;1.092339e-01;1.222980e-01
9.500000e+00;-7.515112e-02;-9.099011e-02;2.107619e-01
9.700000e+00;-2.717606e-01;-2.875845e-01;5.822735e-02
9.900000e+00;-4.575359e-01;-4.726854e-01;3.311105e-02
1.010000e+01;-6.250706e-01;-6.388881e-01;2.210541e-02
1.030000e+01;-7.676858e-01;-7.795436e-01;1.544612e-02
1.050000e+01;-8.796958e-01;-8.890244e-01;1.060434e-02
1.070000e+01;-9.566350e-01;-9.629496e-01;6.600861e-03
1.090000e+01;-9.954363e-01;-9.983606e-01;2.937772e-03
1.110000e+01;-9.945526e-01;-9.938389e-01;7.175472e-04
1.130000e+01;-9.540192e-01;-9.495635e-01;4.670506e-03
1.150000e+01;-8.754522e-01;-8.673033e-01;9.308201e-03
1.170000e+01;-7.619836e-01;-7.503468e-01;1.527165e-02
1.190000e+01;-6.181371e-01;-6.033707e-01;2.388863e-02
1.210000e+01;-4.496475e-01;-4.322523e-01;3.868620e-02
1.230000e+01;-2.632318e-01;-2.438353e-01;7.368592e-02
1.250000e+01;-6.632190e-02;-4.565548e-02;3.116077e-01
1.270000e+01;1.332320e-01;1.543605e-01;1.585838e-01
1.290000e+01;3.274744e-01;3.482120e-01;6.332580e-02
1.310000e+01;5.086615e-01;5.281448e-01;3.830310e-02
1.330000e+01;6.695698e-01;6.869607e-01;2.597336e-02
1.350000e+01;8.037844e-01;8.183062e-01;1.806676e-02
1.370000e+01;9.059547e-01;9.169260e-01;1.211016e-02
1.390000e+01;9.720075e-01;9.788737e-01;7.063910e-03
1.410000e+01;9.993094e-01;1.001670e+00;2.361747e-03
1.430000e+01;9.867720e-01;9.843997e-01;2.404072e-03
1.450000e+01;9.348951e-01;9.277530e-01;7.639387e-03
1.470000e+01;8.457468e-01;8.339934e-01;1.389709e-02
1.490000e+01;7.228813e-01;7.068694e-01;2.215022e-02
1.510000e+01;5.711969e-01;5.514642e-01;3.454619e-02
1.530000e+01;3.967406e-01;3.739927e-01;5.733694e-02
1.550000e+01;2.064675e-01;1.815526e-01;1.206722e-01
1.570000e+01;7.963184e-03;-1.815923e-02;3.280398e+00
1.590000e+01;-1.908586e-01;-2.171547e-01;1.377778e-01
1.610000e+01;-3.820714e-01;-4.074739e-01;6.648612e-02
1.630000e+01;-5.580523e-01;-5.815036e-01;4.202358e-02
1.650000e+01;-7.117853e-01;-7.322819e-01;2.879604e-02
1.670000e+01;-8.371418e-01;-8.537765e-01;1.987088e-02
1.690000e+01;-9.291240e-01;-9.411261e-01;1.291765e-02
1.700000e+01;-9.613975e-01;-9.708466e-01;9.828477e-03
1.720000e+01;-9.969001e-01;-1.000891e+00;4.003207e-03
1.740000e+01;-9.926594e-01;-9.909010e-01;1.771355e-03
1.760000e+01;-9.488445e-01;-9.412747e-01;7.977962e-03
1.780000e+01;-8.672022e-01;-8.539948e-01;1.522986e-02
1.800000e+01;-7.509872e-01;-7.325508e-01;2.454960e-02
1.820000e+01;-6.048328e-01;-5.817987e-01;3.808345e-02
1.840000e+01;-4.345656e-01;-4.077671e-01;6.166735e-02
1.860000e+01;-2.469737e-01;-2.174161e-01;1.196789e-01
1.880000e+01;-4.953564e-02;-1.835899e-02;6.293782e-01
1.900000e+01;1.498772e-01;1.814425e-01;2.106074e-01
1.920000e+01;3.433149e-01;3.739962e-01;8.936774e-02
1.940000e+01;5.230658e-01;5.515997e-01;5.455140e-02
1.960000e+01;6.819636e-01;7.071481e-01;3.692943e-02
1.980000e+01;8.136737e-01;8.344184e-01;2.549508e-02
0.000000e+00;0.000000e+00;0.000000e+00;nan
2.000000e-01;1.986693e-01;1.986683e-01;5.020713e-06
4.000000e-01;3.894183e-01;3.894131e-01;1.346121e-05
7.000000e-01;6.442177e-01;6.442007e-01;2.630228e-05
9.000000e-01;7.833269e-01;7.832995e-01;3.499672e-05
1.100000e+00;8.912074e-01;8.911683e-01;4.381579e-05
1.200000e+00;9.320391e-01;9.319941e-01;4.827911e-05
1.400000e+00;9.854497e-01;9.853932e-01;5.733356e-05
1.600000e+00;9.995736e-01;9.995070e-01;6.659813e-05
1.800000e+00;9.738476e-01;9.737735e-01;7.614559e-05
2.000000e+00;9.092974e-01;9.092191e-01;8.609965e-05
2.200000e+00;8.084964e-01;8.084182e-01;9.668843e-05
2.400000e+00;6.754632e-01;6.753900e-01;1.083844e-04
2.600000e+00;5.155014e-01;5.154383e-01;1.223544e-04
2.800000e+00;3.349882e-01;3.349404e-01;1.424893e-04
3.000000e+00;1.411200e-01;1.410925e-01;1.946367e-04
3.200000e+00;-5.837414e-02;-5.837702e-02;4.929651e-05
3.400000e+00;-2.555411e-01;-2.555160e-01;9.836420e-05
3.600000e+00;-4.425204e-01;-4.424650e-01;1.252042e-04
3.800000e+00;-6.118579e-01;-6.117713e-01;1.414412e-04
4.000000e+00;-7.568025e-01;-7.566855e-01;1.545978e-04
4.200000e+00;-8.715758e-01;-8.714306e-01;1.665380e-04
4.500000e+00;-9.775301e-01;-9.773506e-01;1.836282e-04
4.700000e+00;-9.999233e-01;-9.997283e-01;1.949686e-04
4.900000e+00;-9.824526e-01;-9.822497e-01;2.065629e-04
5.100000e+00;-9.258147e-01;-9.256122e-01;2.187011e-04
5.300000e+00;-8.322674e-01;-8.320745e-01;2.318253e-04
5.500000e+00;-7.055403e-01;-7.053662e-01;2.467664e-04
5.700000e+00;-5.506855e-01;-5.505394e-01;2.654402e-04
5.900000e+00;-3.738767e-01;-3.737669e-01;2.937025e-04
6.100000e+00;-1.821625e-01;-1.820964e-01;3.628850e-04
6.300000e+00;1.681390e-02;1.683047e-02;9.853908e-04
6.500000e+00;2.151200e-01;2.150831e-01;1.716777e-04
6.700000e+00;4.048499e-01;4.047577e-01;2.278312e-04
6.900000e+00;5.784398e-01;5.782928e-01;2.541148e-04
7.100000e+00;7.289690e-01;7.287703e-01;2.726137e-04
7.300000e+00;8.504366e-01;8.501916e-01;2.880783e-04
7.500000e+00;9.380000e-01;9.377165e-01;3.021866e-04
7.700000e+00;9.881682e-01;9.878562e-01;3.157367e-04
7.900000e+00;9.989413e-01;9.986125e-01;3.292282e-04
8.100000e+00;9.698898e-01;9.695571e-01;3.430897e-04
8.300000e+00;9.021718e-01;9.018490e-01;3.578317e-04
8.500000e+00;7.984871e-01;7.981883e-01;3.742545e-04
8.700000e+00;6.629692e-01;6.627081e-01;3.939254e-04
8.900000e+00;5.010209e-01;5.008101e-01;4.206957e-04
9.100000e+00;3.190984e-01;3.189491e-01;4.677825e-04
9.300000e+00;1.244544e-01;1.243757e-01;6.328980e-04
9.500000e+00;-7.515112e-02;-7.515301e-02;2.507957e-05
9.700000e+00;-2.717606e-01;-2.716822e-01;2.884228e-04
9.900000e+00;-4.575359e-01;-4.573771e-01;3.470118e-04
1.010000e+01;-6.250706e-01;-6.248348e-01;3.773705e-04
1.030000e+01;-7.676858e-01;-7.673795e-01;3.990335e-04
1.050000e+01;-8.796958e-01;-8.793289e-01;4.170598e-04
1.070000e+01;-9.566350e-01;-9.562204e-01;4.334084e-04
1.090000e+01;-9.954363e-01;-9.949892e-01;4.490754e-04
1.110000e+01;-9.945526e-01;-9.940904e-01;4.647262e-04
1.130000e+01;-9.540192e-01;-9.535604e-01;4.809714e-04
1.150000e+01;-8.754522e-01;-8.750157e-01;4.985854e-04
1.170000e+01;-7.619836e-01;-7.615882e-01;5.188498e-04
1.190000e+01;-6.181371e-01;-6.178006e-01;5.444198e-04
1.210000e+01;-4.496475e-01;-4.493856e-01;5.823481e-04
1.230000e+01;-2.632318e-01;-2.630579e-01;6.606725e-04
1.250000e+01;-6.632190e-02;-6.624597e-02;1.144763e-03
1.270000e+01;1.332320e-01;1.332037e-01;2.128974e-04
1.290000e+01;3.274744e-01;3.273396e-01;4.117139e-04
1.310000e+01;5.086615e-01;5.084223e-01;4.700862e-04
1.330000e+01;6.695698e-01;6.692329e-01;5.030770e-04
1.350000e+01;8.037844e-01;8.033607e-01;5.272226e-04
1.370000e+01;9.059547e-01;9.054588e-01;5.474684e-04
1.390000e+01;9.720075e-01;9.714574e-01;5.658932e-04
1.410000e+01;9.993094e-01;9.987262e-01;5.836292e-04
1.430000e+01;9.867720e-01;9.861784e-01;6.014916e-04
1.450000e+01;9.348951e-01;9.343151e-01;6.202917e-04
1.470000e+01;8.457468e-01;8.452046e-01;6.411345e-04
1.490000e+01;7.228813e-01;7.223999e-01;6.659650e-04
1.510000e+01;5.711969e-01;5.707976e-01;6.990750e-04
1.530000e+01;3.967406e-01;3.964418e-01;7.529600e-04
1.550000e+01;2.064675e-01;2.062842e-01;8.878791e-04
1.570000e+01;7.963184e-03;7.905758e-03;7.211409e-03
1.590000e+01;-1.908586e-01;-1.907845e-01;3.879930e-04
1.610000e+01;-3.820714e-01;-3.818656e-01;5.388127e-04
1.630000e+01;-5.580523e-01;-5.577197e-01;5.960365e-04
1.650000e+01;-7.117853e-01;-7.113363e-01;6.308049e-04
1.670000e+01;-8.371418e-01;-8.365918e-01;6.569738e-04
1.690000e+01;-9.291240e-01;-9.284930e-01;6.792008e-04
1.700000e+01;-9.613975e-01;-9.607346e-01;6.895396e-04
1.720000e+01;-9.969001e-01;-9.961928e-01;7.095110e-04
1.740000e+01;-9.926594e-01;-9.919354e-01;7.293801e-04
1.760000e+01;-9.488445e-01;-9.481328e-01;7.501115e-04
1.780000e+01;-8.672022e-01;-8.665319e-01;7.729304e-04
1.800000e+01;-7.509872e-01;-7.503865e-01;7.998795e-04
1.820000e+01;-6.048328e-01;-6.043276e-01;8.352467e-04
1.840000e+01;-4.345656e-01;-4.341786e-01;8.906903e-04
1.860000e+01;-2.469737e-01;-2.467230e-01;1.014910e-03
1.880000e+01;-4.953564e-02;-4.943452e-02;2.041469e-03
1.900000e+01;1.498772e-01;1.498215e-01;3.717514e-04
1.920000e+01;3.433149e-01;3.431013e-01;6.222806e-04
1.940000e+01;5.230658e-01;5.226995e-01;7.001606e-04
1.960000e+01;6.819636e-01;6.814565e-01;7.436907e-04
1.980000e+01;8.136737e-01;8.130433e-01;7.748592e-04
0.000000e+00;0.000000e+00;0.000000e+00;nan
2.000000e-01;1.986693e-01;1.986692e-01;8.331295e-07
4.000000e-01;3.894183e-01;3.894180e-01;8.133367e-07
7.000000e-01;6.442177e-01;6.442172e-01;7.386364e-07
9.000000e-01;7.833269e-01;7.833264e-01;6.554613e-07
1.100000e+00;8.912074e-01;8.912069e-01;5.411827e-07
1.200000e+00;9.320391e-01;9.320386e-01;4.706216e-07
1.400000e+00;9.854497e-01;9.854494e-01;2.976060e-07
1.600000e+00;9.995736e-01;9.995735e-01;7.216281e-08
1.800000e+00;9.738476e-01;9.738478e-01;2.238614e-07
2.000000e+00;9.092974e-01;9.092980e-01;6.213235e-07
2.200000e+00;8.084964e-01;8.084974e-01;1.177124e-06
2.400000e+00;6.754632e-01;6.754645e-01;2.009119e-06
2.600000e+00;5.155014e-01;5.155031e-01;3.408340e-06
2.800000e+00;3.349882e-01;3.349903e-01;6.345346e-06
3.000000e+00;1.411200e-01;1.411224e-01;1.726746e-05
3.200000e+00;-5.837414e-02;-5.837148e-02;4.566360e-05
3.400000e+00;-2.555411e-01;-2.555383e-01;1.091701e-05
3.600000e+00;-4.425204e-01;-4.425177e-01;6.307429e-06
3.800000e+00;-6.118579e-01;-6.118552e-01;4.342601e-06
4.000000e+00;-7.568025e-01;-7.568001e-01;3.146130e-06
4.200000e+00;-8.715758e-01;-8.715738e-01;2.253029e-06
4.500000e+00;-9.775301e-01;-9.775290e-01;1.117885e-06
4.700000e+00;-9.999233e-01;-9.999229e-01;3.743412e-07
4.900000e+00;-9.824526e-01;-9.824530e-01;4.325671e-07
5.100000e+00;-9.258147e-01;-9.258160e-01;1.375200e-06
5.300000e+00;-8.322674e-01;-8.322696e-01;2.563841e-06
5.500000e+00;-7.055403e-01;-7.055433e-01;4.205753e-06
5.700000e+00;-5.506855e-01;-5.506893e-01;6.778859e-06
5.900000e+00;-3.738767e-01;-3.738811e-01;1.174405e-05
6.100000e+00;-1.821625e-01;-1.821674e-01;2.691755e-05
6.300000e+00;1.681390e-02;1.680866e-02;3.115201e-04
6.500000e+00;2.151200e-01;2.151146e-01;2.495329e-05
6.700000e+00;4.048499e-01;4.048446e-01;1.303006e-05
6.900000e+00;5.784398e-01;5.784348e-01;8.558382e-06
7.100000e+00;7.289690e-01;7.289646e-01;6.028737e-06
7.300000e+00;8.504366e-01;8.504330e-01;4.256028e-06
7.500000e+00;9.380000e-01;9.379973e-01;2.821627e-06
7.700000e+00;9.881682e-01;9.881667e-01;1.526452e-06
7.900000e+00;9.989413e-01;9.989411e-01;2.458606e-07
8.100000e+00;9.698898e-01;9.698909e-01;1.127089e-06
8.300000e+00;9.021718e-01;9.021743e-01;2.719732e-06
8.500000e+00;7.984871e-01;7.984909e-01;4.731785e-06
8.700000e+00;6.629692e-01;6.629742e-01;7.554276e-06
8.900000e+00;5.010209e-01;5.010269e-01;1.214809e-05
9.100000e+00;3.190984e-01;3.191053e-01;2.181091e-05
9.300000e+00;1.244544e-01;1.244620e-01;6.092203e-05
9.500000e+00;-7.515112e-02;-7.514320e-02;1.053293e-04
9.700000e+00;-2.717606e-01;-2.717527e-01;2.919550e-05
9.900000e+00;-4.575359e-01;-4.575283e-01;1.666278e-05
1.010000e+01;-6.250706e-01;-6.250637e-01;1.117349e-05
1.030000e+01;-7.676858e-01;-7.676798e-01;7.853788e-06
1.050000e+01;-8.796958e-01;-8.796910e-01;5.441393e-06
1.070000e+01;-9.566350e-01;-9.566317e-01;3.447542e-06
1.090000e+01;-9.954363e-01;-9.954346e-01;1.623716e-06
1.110000e+01;-9.945526e-01;-9.945528e-01;1.960915e-07
1.130000e+01;-9.540192e-01;-9.540213e-01;2.164296e-06
1.150000e+01;-8.754522e-01;-8.754561e-01;4.474059e-06
1.170000e+01;-7.619836e-01;-7.619893e-01;7.445239e-06
1.190000e+01;-6.181371e-01;-6.181444e-01;1.174037e-05
1.210000e+01;-4.496475e-01;-4.496561e-01;1.911934e-05
1.230000e+01;-2.632318e-01;-2.632414e-01;3.657853e-05
1.250000e+01;-6.632190e-02;-6.633220e-02;1.552899e-04
1.270000e+01;1.332320e-01;1.332215e-01;7.932701e-05
1.290000e+01;3.274744e-01;3.274640e-01;3.180095e-05
1.310000e+01;5.086615e-01;5.086516e-01;1.932036e-05
1.330000e+01;6.695698e-01;6.695609e-01;1.317329e-05
1.350000e+01;8.037844e-01;8.037770e-01;9.233346e-06
1.370000e+01;9.059547e-01;9.059491e-01;6.266501e-06
1.390000e+01;9.720075e-01;9.720039e-01;3.754019e-06
1.410000e+01;9.993094e-01;9.993080e-01;1.413364e-06
1.430000e+01;9.867720e-01;9.867729e-01;9.588874e-07
1.450000e+01;9.348951e-01;9.348984e-01;3.565191e-06
1.470000e+01;8.457468e-01;8.457525e-01;6.681341e-06
1.490000e+01;7.228813e-01;7.228892e-01;1.079270e-05
1.510000e+01;5.711969e-01;5.712066e-01;1.697039e-05
1.530000e+01;3.967406e-01;3.967518e-01;2.833285e-05
1.550000e+01;2.064675e-01;2.064799e-01;5.991867e-05
1.570000e+01;7.963184e-03;7.976211e-03;1.635971e-03
1.590000e+01;-1.908586e-01;-1.908454e-01;6.900654e-05
1.610000e+01;-3.820714e-01;-3.820586e-01;3.345236e-05
1.630000e+01;-5.580523e-01;-5.580404e-01;2.125649e-05
1.650000e+01;-7.117853e-01;-7.117749e-01;1.466469e-05
1.670000e+01;-8.371418e-01;-8.371332e-01;1.021901e-05
1.690000e+01;-9.291240e-01;-9.291177e-01;6.757048e-06
1.700000e+01;-9.613975e-01;-9.613925e-01;5.219370e-06
1.720000e+01;-9.969001e-01;-9.968978e-01;2.320241e-06
1.740000e+01;-9.926594e-01;-9.926599e-01;5.534164e-07
1.760000e+01;-9.488445e-01;-9.488480e-01;3.642351e-06
1.780000e+01;-8.672022e-01;-8.672085e-01;7.252364e-06
1.800000e+01;-7.509872e-01;-7.509962e-01;1.189334e-05
1.820000e+01;-6.048328e-01;-6.048441e-01;1.863546e-05
1.840000e+01;-4.345656e-01;-4.345788e-01;3.038868e-05
1.860000e+01;-2.469737e-01;-2.469883e-01;5.930826e-05
1.880000e+01;-4.953564e-02;-4.955117e-02;3.134505e-04
1.900000e+01;1.498772e-01;1.498614e-01;1.053938e-04
1.920000e+01;3.433149e-01;3.432995e-01;4.494735e-05
1.940000e+01;5.230658e-01;5.230513e-01;2.759386e-05
1.960000e+01;6.819636e-01;6.819508e-01;1.881402e-05
1.980000e+01;8.136737e-01;8.136631e-01;1.311960e-05
