0.000000e+00	-5.240827e-03
6.931472e-01	-7.198437e-03
1.098612e+00	-8.554762e-03
1.386294e+00	-9.613465e-03
1.609438e+00	-1.041851e-02
1.791759e+00	-1.105702e-02
1.945910e+00	-1.160690e-02
2.079442e+00	-1.210285e-02
2.197225e+00	-1.254922e-02
2.302585e+00	-1.294363e-02
2.397895e+00	-1.328978e-02
2.484907e+00	-1.359773e-02
2.564949e+00	-1.387857e-02
2.639057e+00	-1.413980e-02
2.708050e+00	-1.438408e-02
2.772589e+00	-1.461079e-02
2.833213e+00	-1.481856e-02
2.890372e+00	-1.500724e-02
2.944439e+00	-1.517850e-02
2.995732e+00	-1.533539e-02
3.044522e+00	-1.548125e-02
3.091042e+00	-1.561875e-02
3.135494e+00	-1.574943e-02
3.178054e+00	-1.587374e-02
3.218876e+00	-1.599142e-02
3.258097e+00	-1.610209e-02
3.295837e+00	-1.620564e-02
3.332205e+00	-1.630241e-02
3.367296e+00	-1.639316e-02
3.401197e+00	-1.647884e-02
3.433987e+00	-1.656036e-02
3.465736e+00	-1.663839e-02
3.496508e+00	-1.671328e-02
3.526361e+00	-1.678508e-02
3.555348e+00	-1.685370e-02
3.583519e+00	-1.691900e-02
3.610918e+00	-1.698095e-02
3.637586e+00	-1.703968e-02
3.663562e+00	-1.709547e-02
3.688879e+00	-1.714871e-02
3.713572e+00	-1.719979e-02
3.737670e+00	-1.724907e-02
3.761200e+00	-1.729679e-02
3.784190e+00	-1.734305e-02
3.806662e+00	-1.738784e-02
3.828641e+00	-1.743111e-02
3.850148e+00	-1.747276e-02
3.871201e+00	-1.751276e-02
3.891820e+00	-1.755111e-02
3.912023e+00	-1.758791e-02
3.931826e+00	-1.762331e-02
3.951244e+00	-1.765748e-02
3.970292e+00	-1.769059e-02
3.988984e+00	-1.772278e-02
4.007333e+00	-1.775414e-02
4.025352e+00	-1.778473e-02
4.043051e+00	-1.781453e-02
4.060443e+00	-1.784353e-02
4.077537e+00	-1.787168e-02
4.094345e+00	-1.789897e-02
4.110874e+00	-1.792541e-02
4.127134e+00	-1.795101e-02
4.143135e+00	-1.797586e-02
4.158883e+00	-1.800000e-02
4.174387e+00	-1.802353e-02
4.189655e+00	-1.804650e-02
4.204693e+00	-1.806897e-02
4.219508e+00	-1.809096e-02
4.234107e+00	-1.811248e-02
4.248495e+00	-1.813353e-02
4.262680e+00	-1.815410e-02
4.276666e+00	-1.817418e-02
4.290459e+00	-1.819376e-02
4.304065e+00	-1.821286e-02
4.317488e+00	-1.823150e-02
4.330733e+00	-1.824971e-02
4.343805e+00	-1.826752e-02
4.356709e+00	-1.828497e-02
4.369448e+00	-1.830207e-02
4.382027e+00	-1.831887e-02
4.394449e+00	-1.833536e-02
4.406719e+00	-1.835155e-02
4.418841e+00	-1.836743e-02
4.430817e+00	-1.838301e-02
4.442651e+00	-1.839828e-02
4.454347e+00	-1.841324e-02
4.465908e+00	-1.842790e-02
4.477337e+00	-1.844227e-02
4.488636e+00	-1.845637e-02
4.499810e+00	-1.847021e-02
4.510860e+00	-1.848380e-02
4.521789e+00	-1.849718e-02
4.532599e+00	-1.851034e-02
4.543295e+00	-1.852329e-02
4.553877e+00	-1.853603e-02
4.564348e+00	-1.854857e-02
4.574711e+00	-1.856091e-02
4.584967e+00	-1.857303e-02
4.595120e+00	-1.858495e-02
4.605170e+00	-1.859667e-02
4.615121e+00	-1.860818e-02
4.624973e+00	-1.861950e-02
4.634729e+00	-1.863064e-02
4.644391e+00	-1.864161e-02
4.653960e+00	-1.865241e-02
4.663439e+00	-1.866306e-02
4.672829e+00	-1.867356e-02
4.682131e+00	-1.868391e-02
4.691348e+00	-1.869411e-02
4.700480e+00	-1.870416e-02
4.709530e+00	-1.871407e-02
4.718499e+00	-1.872383e-02
4.727388e+00	-1.873344e-02
4.736198e+00	-1.874290e-02
4.744932e+00	-1.875223e-02
4.753590e+00	-1.876141e-02
4.762174e+00	-1.877047e-02
4.770685e+00	-1.877940e-02
4.779123e+00	-1.878821e-02
4.787492e+00	-1.879690e-02
4.795791e+00	-1.880548e-02
4.804021e+00	-1.881394e-02
4.812184e+00	-1.882230e-02
4.820282e+00	-1.883055e-02
4.828314e+00	-1.883868e-02
4.836282e+00	-1.884671e-02
4.844187e+00	-1.885462e-02
4.852030e+00	-1.886243e-02
4.859812e+00	-1.887012e-02
4.867534e+00	-1.887772e-02
4.875197e+00	-1.888522e-02
4.882802e+00	-1.889261e-02
4.890349e+00	-1.889992e-02
4.897840e+00	-1.890713e-02
4.905275e+00	-1.891426e-02
4.912655e+00	-1.892130e-02
4.919981e+00	-1.892825e-02
4.927254e+00	-1.893511e-02
4.934474e+00	-1.894189e-02
4.941642e+00	-1.894858e-02
4.948760e+00	-1.895519e-02
4.955827e+00	-1.896171e-02
4.962845e+00	-1.896815e-02
4.969813e+00	-1.897451e-02
4.976734e+00	-1.898079e-02
4.983607e+00	-1.898699e-02
4.990433e+00	-1.899311e-02
4.997212e+00	-1.899917e-02
5.003946e+00	-1.900515e-02
5.010635e+00	-1.901106e-02
5.017280e+00	-1.901690e-02
5.023881e+00	-1.902267e-02
5.030438e+00	-1.902837e-02
5.036953e+00	-1.903400e-02
5.043425e+00	-1.903957e-02
5.049856e+00	-1.904507e-02
5.056246e+00	-1.905050e-02
5.062595e+00	-1.905586e-02
5.068904e+00	-1.906117e-02
5.075174e+00	-1.906640e-02
5.081404e+00	-1.907158e-02
5.087596e+00	-1.907670e-02
5.093750e+00	-1.908175e-02
5.099866e+00	-1.908675e-02
5.105945e+00	-1.909169e-02
5.111988e+00	-1.909658e-02
5.117994e+00	-1.910141e-02
5.123964e+00	-1.910618e-02
5.129899e+00	-1.911089e-02
5.135798e+00	-1.911556e-02
5.141664e+00	-1.912016e-02
5.147494e+00	-1.912472e-02
5.153292e+00	-1.912922e-02
5.159055e+00	-1.913366e-02
5.164786e+00	-1.913806e-02
5.170484e+00	-1.914241e-02
5.176150e+00	-1.914670e-02
5.181784e+00	-1.915095e-02
5.187386e+00	-1.915515e-02
5.192957e+00	-1.915931e-02
5.198497e+00	-1.916341e-02
5.204007e+00	-1.916747e-02
5.209486e+00	-1.917149e-02
5.214936e+00	-1.917545e-02
5.220356e+00	-1.917938e-02
5.225747e+00	-1.918325e-02
5.231109e+00	-1.918709e-02
5.236442e+00	-1.919088e-02
5.241747e+00	-1.919463e-02
5.247024e+00	-1.919833e-02
5.252273e+00	-1.920199e-02
5.257495e+00	-1.920562e-02
5.262690e+00	-1.920920e-02
5.267858e+00	-1.921274e-02
5.273000e+00	-1.921625e-02
5.278115e+00	-1.921971e-02
5.283204e+00	-1.922314e-02
5.288267e+00	-1.922652e-02
5.293305e+00	-1.922987e-02
5.298317e+00	-1.923627e-02
5.303305e+00	-1.927208e-02
5.308268e+00	-1.928615e-02
5.313206e+00	-1.930560e-02
5.318120e+00	-1.931134e-02
5.323010e+00	-1.932228e-02
5.327876e+00	-1.933460e-02
5.332719e+00	-1.934183e-02
5.337538e+00	-1.934734e-02
5.342334e+00	-1.935464e-02
5.347108e+00	-1.936277e-02
5.351858e+00	-1.936962e-02
5.356586e+00	-1.937477e-02
5.361292e+00	-1.937932e-02
5.365976e+00	-1.938431e-02
5.370638e+00	-1.938986e-02
5.375278e+00	-1.939533e-02
5.379897e+00	-1.940007e-02
5.384495e+00	-1.940393e-02
5.389072e+00	-1.940736e-02
5.393628e+00	-1.941093e-02
5.398163e+00	-1.941487e-02
5.402677e+00	-1.941898e-02
5.407172e+00	-1.942283e-02
5.411646e+00	-1.942614e-02
5.416100e+00	-1.942895e-02
5.420535e+00	-1.943155e-02
5.424950e+00	-1.943426e-02
5.429346e+00	-1.943720e-02
5.433722e+00	-1.944025e-02
5.438079e+00	-1.944321e-02
5.442418e+00	-1.944588e-02
5.446737e+00	-1.944822e-02
5.451038e+00	-1.945033e-02
5.455321e+00	-1.945239e-02
5.459586e+00	-1.945452e-02
5.463832e+00	-1.945674e-02
5.468060e+00	-1.945899e-02
5.472271e+00	-1.946117e-02
5.476464e+00	-1.946319e-02
5.480639e+00	-1.946502e-02
5.484797e+00	-1.946670e-02
5.488938e+00	-1.946830e-02
5.493061e+00	-1.946989e-02
5.497168e+00	-1.947150e-02
5.501258e+00	-1.947313e-02
5.505332e+00	-1.947475e-02
5.509388e+00	-1.947631e-02
5.513429e+00	-1.947777e-02
5.517453e+00	-1.947914e-02
5.521461e+00	-1.948042e-02
5.525453e+00	-1.948164e-02
5.529429e+00	-1.948283e-02
5.533389e+00	-1.948401e-02
5.537334e+00	-1.948520e-02
5.541264e+00	-1.948639e-02
5.545177e+00	-1.948756e-02
5.549076e+00	-1.948869e-02
5.552960e+00	-1.948977e-02
5.556828e+00	-1.949079e-02
5.560682e+00	-1.949175e-02
5.564520e+00	-1.949267e-02
5.568345e+00	-1.949357e-02
5.572154e+00	-1.949446e-02
5.575949e+00	-1.949535e-02
5.579730e+00	-1.949624e-02
5.583496e+00	-1.949712e-02
5.587249e+00	-1.949799e-02
5.590987e+00	-1.949882e-02
5.594711e+00	-1.949961e-02
5.598422e+00	-1.950036e-02
5.602119e+00	-1.950107e-02
5.605802e+00	-1.950176e-02
5.609472e+00	-1.950244e-02
5.613128e+00	-1.950311e-02
5.616771e+00	-1.950378e-02
5.620401e+00	-1.950446e-02
5.624018e+00	-1.950513e-02
5.627621e+00	-1.950577e-02
5.631212e+00	-1.950640e-02
5.634790e+00	-1.950699e-02
5.638355e+00	-1.950755e-02
5.641907e+00	-1.950808e-02
5.645447e+00	-1.950860e-02
5.648974e+00	-1.950912e-02
5.652489e+00	-1.950963e-02
5.655992e+00	-1.951014e-02
5.659482e+00	-1.951064e-02
5.662960e+00	-1.951114e-02
5.666427e+00	-1.951163e-02
5.669881e+00	-1.951210e-02
5.673323e+00	-1.951254e-02
5.676754e+00	-1.951297e-02
5.680173e+00	-1.951338e-02
5.683580e+00	-1.951378e-02
5.686975e+00	-1.951417e-02
5.690359e+00	-1.951456e-02
5.693732e+00	-1.951494e-02
5.697093e+00	-1.951532e-02
5.700444e+00	-1.951570e-02
5.703782e+00	-1.951607e-02
5.707110e+00	-1.951643e-02
5.710427e+00	-1.951677e-02
5.713733e+00	-1.951710e-02
5.717028e+00	-1.951742e-02
5.720312e+00	-1.951773e-02
5.723585e+00	-1.951803e-02
5.726848e+00	-1.951833e-02
5.730100e+00	-1.951863e-02
5.733341e+00	-1.951892e-02
5.736572e+00	-1.951921e-02
5.739793e+00	-1.951950e-02
5.743003e+00	-1.951977e-02
5.746203e+00	-1.952004e-02
5.749393e+00	-1.952031e-02
5.752573e+00	-1.952056e-02
5.755742e+00	-1.952081e-02
5.758902e+00	-1.952105e-02
5.762051e+00	-1.952128e-02
5.765191e+00	-1.952151e-02
5.768321e+00	-1.952174e-02
5.771441e+00	-1.952197e-02
5.774552e+00	-1.952219e-02
5.777652e+00	-1.952241e-02
5.780744e+00	-1.952263e-02
5.783825e+00	-1.952284e-02
5.786897e+00	-1.952304e-02
5.789960e+00	-1.952324e-02
5.793014e+00	-1.952344e-02
5.796058e+00	-1.952363e-02
5.799093e+00	-1.952381e-02
5.802118e+00	-1.952399e-02
5.805135e+00	-1.952417e-02
5.808142e+00	-1.952435e-02
5.811141e+00	-1.952453e-02
5.814131e+00	-1.952470e-02
5.817111e+00	-1.952487e-02
5.820083e+00	-1.952504e-02
5.823046e+00	-1.952520e-02
5.826000e+00	-1.952536e-02
5.828946e+00	-1.952551e-02
5.831882e+00	-1.952567e-02
5.834811e+00	-1.952581e-02
5.837730e+00	-1.952596e-02
5.840642e+00	-1.952610e-02
5.843544e+00	-1.952624e-02
5.846439e+00	-1.952638e-02
5.849325e+00	-1.952652e-02
5.852202e+00	-1.952666e-02
5.855072e+00	-1.952679e-02
5.857933e+00	-1.952692e-02
5.860786e+00	-1.952705e-02
5.863631e+00	-1.952718e-02
5.866468e+00	-1.952730e-02
5.869297e+00	-1.952742e-02
5.872118e+00	-1.952754e-02
5.874931e+00	-1.952766e-02
5.877736e+00	-1.952777e-02
5.880533e+00	-1.952788e-02
5.883322e+00	-1.952799e-02
5.886104e+00	-1.952810e-02
5.888878e+00	-1.952821e-02
5.891644e+00	-1.952832e-02
5.894403e+00	-1.952842e-02
5.897154e+00	-1.952853e-02
5.899897e+00	-1.952863e-02
5.902633e+00	-1.952873e-02
5.905362e+00	-1.952882e-02
5.908083e+00	-1.952892e-02
5.910797e+00	-1.952901e-02
5.913503e+00	-1.952910e-02
5.916202e+00	-1.952919e-02
5.918894e+00	-1.952928e-02
5.921578e+00	-1.952937e-02
5.924256e+00	-1.952946e-02
5.926926e+00	-1.952955e-02
5.929589e+00	-1.952963e-02
5.932245e+00	-1.952971e-02
5.934894e+00	-1.952980e-02
5.937536e+00	-1.952988e-02
5.940171e+00	-1.952996e-02
5.942799e+00	-1.953003e-02
5.945421e+00	-1.953011e-02
5.948035e+00	-1.953018e-02
5.950643e+00	-1.953026e-02
5.953243e+00	-1.953033e-02
5.955837e+00	-1.953040e-02
5.958425e+00	-1.953048e-02
5.961005e+00	-1.953055e-02
5.963579e+00	-1.953062e-02
5.966147e+00	-1.953068e-02
5.968708e+00	-1.953075e-02
5.971262e+00	-1.953082e-02
5.973810e+00	-1.953088e-02
5.976351e+00	-1.953095e-02
5.978886e+00	-1.953101e-02
5.981414e+00	-1.953107e-02
5.983936e+00	-1.953113e-02
5.986452e+00	-1.953119e-02
5.988961e+00	-1.953126e-02
5.991465e+00	-1.953136e-02
5.993961e+00	-1.953179e-02
5.996452e+00	-1.953211e-02
5.998937e+00	-1.953222e-02
6.001415e+00	-1.953241e-02
6.003887e+00	-1.953259e-02
6.006353e+00	-1.953267e-02
6.008813e+00	-1.953284e-02
6.011267e+00	-1.953296e-02
6.013715e+00	-1.953303e-02
6.016157e+00	-1.953314e-02
6.018593e+00	-1.953325e-02
6.021023e+00	-1.953331e-02
6.023448e+00	-1.953338e-02
6.025866e+00	-1.953348e-02
6.028279e+00	-1.953358e-02
6.030685e+00	-1.953366e-02
6.033086e+00	-1.953372e-02
6.035481e+00	-1.953379e-02
6.037871e+00	-1.953386e-02
6.040255e+00	-1.953393e-02
6.042633e+00	-1.953398e-02
6.045005e+00	-1.953403e-02
6.047372e+00	-1.953408e-02
6.049733e+00	-1.953414e-02
6.052089e+00	-1.953419e-02
6.054439e+00	-1.953424e-02
6.056784e+00	-1.953428e-02
6.059123e+00	-1.953432e-02
6.061457e+00	-1.953437e-02
6.063785e+00	-1.953443e-02
6.066108e+00	-1.953448e-02
6.068426e+00	-1.953452e-02
6.070738e+00	-1.953456e-02
6.073045e+00	-1.953459e-02
6.075346e+00	-1.953463e-02
6.077642e+00	-1.953468e-02
6.079933e+00	-1.953472e-02
6.082219e+00	-1.953475e-02
6.084499e+00	-1.953478e-02
6.086775e+00	-1.953481e-02
6.089045e+00	-1.953484e-02
6.091310e+00	-1.953487e-02
6.093570e+00	-1.953490e-02
6.095825e+00	-1.953493e-02
6.098074e+00	-1.953495e-02
6.100319e+00	-1.953498e-02
6.102559e+00	-1.953500e-02
6.104793e+00	-1.953503e-02
6.107023e+00	-1.953505e-02
6.109248e+00	-1.953508e-02
6.111467e+00	-1.953510e-02
6.113682e+00	-1.953512e-02
6.115892e+00	-1.953514e-02
6.118097e+00	-1.953516e-02
6.120297e+00	-1.953518e-02
6.122493e+00	-1.953521e-02
6.124683e+00	-1.953523e-02
6.126869e+00	-1.953525e-02
6.129050e+00	-1.953527e-02
6.131226e+00	-1.953529e-02
6.133398e+00	-1.953531e-02
6.135565e+00	-1.953533e-02
6.137727e+00	-1.953534e-02
6.139885e+00	-1.953536e-02
6.142037e+00	-1.953538e-02
6.144186e+00	-1.953540e-02
6.146329e+00	-1.953542e-02
6.148468e+00	-1.953543e-02
6.150603e+00	-1.953544e-02
6.152733e+00	-1.953546e-02
6.154858e+00	-1.953547e-02
6.156979e+00	-1.953549e-02
6.159095e+00	-1.953550e-02
6.161207e+00	-1.953551e-02
6.163315e+00	-1.953553e-02
6.165418e+00	-1.953554e-02
6.167516e+00	-1.953555e-02
6.169611e+00	-1.953556e-02
6.171701e+00	-1.953557e-02
6.173786e+00	-1.953558e-02
6.175867e+00	-1.953559e-02
6.177944e+00	-1.953560e-02
6.180017e+00	-1.953561e-02
6.182085e+00	-1.953562e-02
6.184149e+00	-1.953563e-02
6.186209e+00	-1.953564e-02
6.188264e+00	-1.953565e-02
6.190315e+00	-1.953566e-02
6.192362e+00	-1.953566e-02
6.194405e+00	-1.953567e-02
6.196444e+00	-1.953568e-02
6.198479e+00	-1.953569e-02
6.200509e+00	-1.953570e-02
6.202536e+00	-1.953571e-02
6.204558e+00	-1.953571e-02
6.206576e+00	-1.953572e-02
6.208590e+00	-1.953573e-02
6.210600e+00	-1.953574e-02
6.212606e+00	-1.953574e-02
6.214608e+00	-1.953575e-02
6.216606e+00	-1.953576e-02
6.218600e+00	-1.953577e-02
6.220590e+00	-1.953577e-02
6.222576e+00	-1.953578e-02
6.224558e+00	-1.953579e-02
6.226537e+00	-1.953579e-02
6.228511e+00	-1.953580e-02
6.230481e+00	-1.953580e-02
6.232448e+00	-1.953581e-02
6.234411e+00	-1.953582e-02
6.236370e+00	-1.953582e-02
6.238325e+00	-1.953583e-02
6.240276e+00	-1.953583e-02
6.242223e+00	-1.953584e-02
6.244167e+00	-1.953584e-02
6.246107e+00	-1.953585e-02
6.248043e+00	-1.953585e-02
6.249975e+00	-1.953586e-02
6.251904e+00	-1.953586e-02
6.253829e+00	-1.953587e-02
6.255750e+00	-1.953587e-02
6.257668e+00	-1.953588e-02
6.259581e+00	-1.953588e-02
6.261492e+00	-1.953589e-02
6.263398e+00	-1.953589e-02
6.265301e+00	-1.953590e-02
6.267201e+00	-1.953590e-02
6.269096e+00	-1.953590e-02
6.270988e+00	-1.953591e-02
6.272877e+00	-1.953591e-02
6.274762e+00	-1.953591e-02
6.276643e+00	-1.953592e-02
6.278521e+00	-1.953592e-02
6.280396e+00	-1.953592e-02
6.282267e+00	-1.953593e-02
6.284134e+00	-1.953593e-02
6.285998e+00	-1.953593e-02
6.287859e+00	-1.953594e-02
6.289716e+00	-1.953594e-02
6.291569e+00	-1.953594e-02
6.293419e+00	-1.953595e-02
6.295266e+00	-1.953595e-02
6.297109e+00	-1.953595e-02
6.298949e+00	-1.953595e-02
6.300786e+00	-1.953596e-02
6.302619e+00	-1.953596e-02
6.304449e+00	-1.953596e-02
6.306275e+00	-1.953596e-02
6.308098e+00	-1.953597e-02
6.309918e+00	-1.953597e-02
6.311735e+00	-1.953597e-02
6.313548e+00	-1.953597e-02
6.315358e+00	-1.953598e-02
6.317165e+00	-1.953598e-02
6.318968e+00	-1.953598e-02
6.320768e+00	-1.953598e-02
6.322565e+00	-1.953598e-02
6.324359e+00	-1.953599e-02
6.326149e+00	-1.953599e-02
6.327937e+00	-1.953599e-02
6.329721e+00	-1.953599e-02
6.331502e+00	-1.953599e-02
6.333280e+00	-1.953600e-02
6.335054e+00	-1.953600e-02
6.336826e+00	-1.953600e-02
6.338594e+00	-1.953600e-02
6.340359e+00	-1.953600e-02
6.342121e+00	-1.953600e-02
6.343880e+00	-1.953601e-02
6.345636e+00	-1.953601e-02
6.347389e+00	-1.953601e-02
6.349139e+00	-1.953601e-02
6.350886e+00	-1.953601e-02
6.352629e+00	-1.953602e-02
6.354370e+00	-1.953602e-02
6.356108e+00	-1.953602e-02
6.357842e+00	-1.953602e-02
6.359574e+00	-1.953602e-02
6.361302e+00	-1.953602e-02
6.363028e+00	-1.953602e-02
6.364751e+00	-1.953603e-02
6.366470e+00	-1.953603e-02
6.368187e+00	-1.953603e-02
6.369901e+00	-1.953603e-02
6.371612e+00	-1.953603e-02
6.373320e+00	-1.953603e-02
6.375025e+00	-1.953603e-02
6.376727e+00	-1.953604e-02
6.378426e+00	-1.953604e-02
6.380123e+00	-1.953604e-02
6.381816e+00	-1.953604e-02
6.383507e+00	-1.953604e-02
6.385194e+00	-1.953604e-02
6.386879e+00	-1.953604e-02
6.388561e+00	-1.953605e-02
6.390241e+00	-1.953605e-02
6.391917e+00	-1.953605e-02
6.393591e+00	-1.953605e-02
6.395262e+00	-1.953605e-02
6.396930e+00	-1.953605e-02
6.398595e+00	-1.953606e-02
6.400257e+00	-1.953606e-02
6.401917e+00	-1.953606e-02
6.403574e+00	-1.953607e-02
6.405228e+00	-1.953607e-02
6.406880e+00	-1.953607e-02
6.408529e+00	-1.953607e-02
6.410175e+00	-1.953608e-02
6.411818e+00	-1.953608e-02
6.413459e+00	-1.953608e-02
6.415097e+00	-1.953608e-02
6.416732e+00	-1.953608e-02
6.418365e+00	-1.953608e-02
6.419995e+00	-1.953609e-02
6.421622e+00	-1.953609e-02
6.423247e+00	-1.953609e-02
6.424869e+00	-1.953609e-02
6.426488e+00	-1.953609e-02
6.428105e+00	-1.953609e-02
6.429719e+00	-1.953609e-02
6.431331e+00	-1.953609e-02
6.432940e+00	-1.953610e-02
6.434547e+00	-1.953610e-02
6.436150e+00	-1.953610e-02
6.437752e+00	-1.953610e-02
6.439350e+00	-1.953610e-02
6.440947e+00	-1.953610e-02
6.442540e+00	-1.953610e-02
6.444131e+00	-1.953610e-02
6.445720e+00	-1.953610e-02
6.447306e+00	-1.953610e-02
6.448889e+00	-1.953610e-02
6.450470e+00	-1.953610e-02
6.452049e+00	-1.953610e-02
6.453625e+00	-1.953611e-02
6.455199e+00	-1.953611e-02
6.456770e+00	-1.953611e-02
6.458338e+00	-1.953611e-02
6.459904e+00	-1.953611e-02
6.461468e+00	-1.953611e-02
6.463029e+00	-1.953611e-02
6.464588e+00	-1.953611e-02
6.466145e+00	-1.953611e-02
6.467699e+00	-1.953611e-02
6.469250e+00	-1.953611e-02
6.470800e+00	-1.953611e-02
6.472346e+00	-1.953611e-02
6.473891e+00	-1.953611e-02
6.475433e+00	-1.953611e-02
6.476972e+00	-1.953611e-02
6.478510e+00	-1.953611e-02
6.480045e+00	-1.953611e-02
6.481577e+00	-1.953611e-02
6.483107e+00	-1.953611e-02
6.484635e+00	-1.953611e-02
6.486161e+00	-1.953612e-02
6.487684e+00	-1.953612e-02
6.489205e+00	-1.953612e-02
6.490724e+00	-1.953612e-02
6.492240e+00	-1.953612e-02
6.493754e+00	-1.953612e-02
6.495266e+00	-1.953612e-02
6.496775e+00	-1.953612e-02
6.498282e+00	-1.953612e-02
6.499787e+00	-1.953612e-02
6.501290e+00	-1.953612e-02
6.502790e+00	-1.953612e-02
6.504288e+00	-1.953612e-02
6.505784e+00	-1.953612e-02
6.507278e+00	-1.953612e-02
6.508769e+00	-1.953612e-02
6.510258e+00	-1.953612e-02
6.511745e+00	-1.953612e-02
6.513230e+00	-1.953612e-02
6.514713e+00	-1.953612e-02
6.516193e+00	-1.953612e-02
6.517671e+00	-1.953612e-02
6.519147e+00	-1.953612e-02
6.520621e+00	-1.953612e-02
6.522093e+00	-1.953612e-02
6.523562e+00	-1.953612e-02
6.525030e+00	-1.953612e-02
6.526495e+00	-1.953612e-02
6.527958e+00	-1.953612e-02
6.529419e+00	-1.953612e-02
6.530878e+00	-1.953612e-02
6.532334e+00	-1.953612e-02
6.533789e+00	-1.953612e-02
6.535241e+00	-1.953612e-02
6.536692e+00	-1.953612e-02
6.538140e+00	-1.953612e-02
6.539586e+00	-1.953612e-02
6.541030e+00	-1.953612e-02
6.542472e+00	-1.953612e-02
6.543912e+00	-1.953612e-02
6.545350e+00	-1.953612e-02
6.546785e+00	-1.953612e-02
6.548219e+00	-1.953612e-02
6.549651e+00	-1.953612e-02
6.551080e+00	-1.953613e-02
6.552508e+00	-1.953613e-02
6.553933e+00	-1.953613e-02
6.555357e+00	-1.953613e-02
6.556778e+00	-1.953613e-02
6.558198e+00	-1.953613e-02
6.559615e+00	-1.953613e-02
6.561031e+00	-1.953613e-02
6.562444e+00	-1.953613e-02
6.563856e+00	-1.953613e-02
6.565265e+00	-1.953613e-02
6.566672e+00	-1.953613e-02
6.568078e+00	-1.953613e-02
6.569481e+00	-1.953613e-02
6.570883e+00	-1.953613e-02
6.572283e+00	-1.953613e-02
6.573680e+00	-1.953613e-02
6.575076e+00	-1.953613e-02
6.576470e+00	-1.953613e-02
6.577861e+00	-1.953613e-02
6.579251e+00	-1.953613e-02
6.580639e+00	-1.953613e-02
6.582025e+00	-1.953613e-02
6.583409e+00	-1.953613e-02
6.584791e+00	-1.953613e-02
6.586172e+00	-1.953613e-02
6.587550e+00	-1.953613e-02
6.588926e+00	-1.953613e-02
6.590301e+00	-1.953613e-02
6.591674e+00	-1.953613e-02
6.593045e+00	-1.953613e-02
6.594413e+00	-1.953613e-02
6.595781e+00	-1.953613e-02
6.597146e+00	-1.953613e-02
6.598509e+00	-1.953613e-02
6.599870e+00	-1.953613e-02
6.601230e+00	-1.953613e-02
6.602588e+00	-1.953613e-02
6.603944e+00	-1.953613e-02
6.605298e+00	-1.953613e-02
6.606650e+00	-1.953613e-02
6.608001e+00	-1.953613e-02
6.609349e+00	-1.953613e-02
6.610696e+00	-1.953613e-02
6.612041e+00	-1.953613e-02
6.613384e+00	-1.953613e-02
6.614726e+00	-1.953613e-02
6.616065e+00	-1.953613e-02
6.617403e+00	-1.953613e-02
6.618739e+00	-1.953613e-02
6.620073e+00	-1.953613e-02
6.621406e+00	-1.953613e-02
6.622736e+00	-1.953613e-02
6.624065e+00	-1.953613e-02
6.625392e+00	-1.953613e-02
6.626718e+00	-1.953613e-02
6.628041e+00	-1.953613e-02
6.629363e+00	-1.953613e-02
6.630683e+00	-1.953613e-02
6.632002e+00	-1.953613e-02
6.633318e+00	-1.953613e-02
6.634633e+00	-1.953613e-02
6.635947e+00	-1.953613e-02
6.637258e+00	-1.953613e-02
6.638568e+00	-1.953613e-02
6.639876e+00	-1.953613e-02
6.641182e+00	-1.953613e-02
6.642487e+00	-1.953613e-02
6.643790e+00	-1.953613e-02
6.645091e+00	-1.953613e-02
6.646391e+00	-1.953613e-02
6.647688e+00	-1.953613e-02
6.648985e+00	-1.953613e-02
6.650279e+00	-1.953613e-02
6.651572e+00	-1.953613e-02
6.652863e+00	-1.953613e-02
6.654153e+00	-1.953613e-02
6.655440e+00	-1.953613e-02
6.656727e+00	-1.953613e-02
6.658011e+00	-1.953613e-02
6.659294e+00	-1.953613e-02
6.660575e+00	-1.953613e-02
6.661855e+00	-1.953613e-02
6.663133e+00	-1.953613e-02
6.664409e+00	-1.953613e-02
6.665684e+00	-1.953613e-02
6.666957e+00	-1.953613e-02
6.668228e+00	-1.953613e-02
6.669498e+00	-1.953613e-02
6.670766e+00	-1.953613e-02
6.672033e+00	-1.953613e-02
6.673298e+00	-1.953613e-02
6.674561e+00	-1.953613e-02
6.675823e+00	-1.953613e-02
6.677083e+00	-1.953613e-02
6.678342e+00	-1.953613e-02
6.679599e+00	-1.953613e-02
6.680855e+00	-1.953613e-02
6.682109e+00	-1.953613e-02
6.683361e+00	-1.953613e-02
6.684612e+00	-1.953613e-02
6.685861e+00	-1.953613e-02
6.687109e+00	-1.953613e-02
6.688355e+00	-1.953613e-02
6.689599e+00	-1.953613e-02
6.690842e+00	-1.953613e-02
6.692084e+00	-1.953613e-02
6.693324e+00	-1.953613e-02
6.694562e+00	-1.953613e-02
6.695799e+00	-1.953613e-02
6.697034e+00	-1.953613e-02
6.698268e+00	-1.953613e-02
6.699500e+00	-1.953613e-02
6.700731e+00	-1.953613e-02
6.701960e+00	-1.953613e-02
6.703188e+00	-1.953613e-02
6.704414e+00	-1.953613e-02
6.705639e+00	-1.953613e-02
6.706862e+00	-1.953613e-02
6.708084e+00	-1.953613e-02
6.709304e+00	-1.953613e-02
6.710523e+00	-1.953613e-02
6.711740e+00	-1.953613e-02
6.712956e+00	-1.953613e-02
6.714171e+00	-1.953613e-02
6.715383e+00	-1.953613e-02
6.716595e+00	-1.953613e-02
6.717805e+00	-1.953613e-02
6.719013e+00	-1.953613e-02
6.720220e+00	-1.953613e-02
6.721426e+00	-1.953613e-02
6.722630e+00	-1.953613e-02
6.723832e+00	-1.953613e-02
6.725034e+00	-1.953613e-02
6.726233e+00	-1.953613e-02
6.727432e+00	-1.953613e-02
6.728629e+00	-1.953613e-02
6.729824e+00	-1.953613e-02
6.731018e+00	-1.953613e-02
6.732211e+00	-1.953613e-02
6.733402e+00	-1.953613e-02
6.734592e+00	-1.953613e-02
6.735780e+00	-1.953613e-02
6.736967e+00	-1.953613e-02
6.738152e+00	-1.953613e-02
6.739337e+00	-1.953613e-02
6.740519e+00	-1.953613e-02
6.741701e+00	-1.953613e-02
6.742881e+00	-1.953613e-02
6.744059e+00	-1.953613e-02
6.745236e+00	-1.953613e-02
6.746412e+00	-1.953613e-02
6.747587e+00	-1.953613e-02
6.748760e+00	-1.953613e-02
6.749931e+00	-1.953613e-02
6.751101e+00	-1.953613e-02
6.752270e+00	-1.953613e-02
6.753438e+00	-1.953613e-02
6.754604e+00	-1.953613e-02
6.755769e+00	-1.953613e-02
6.756932e+00	-1.953613e-02
6.758095e+00	-1.953613e-02
6.759255e+00	-1.953613e-02
6.760415e+00	-1.953613e-02
6.761573e+00	-1.953613e-02
6.762730e+00	-1.953613e-02
6.763885e+00	-1.953613e-02
6.765039e+00	-1.953613e-02
6.766192e+00	-1.953613e-02
6.767343e+00	-1.953613e-02
6.768493e+00	-1.953613e-02
6.769642e+00	-1.953613e-02
6.770789e+00	-1.953613e-02
6.771936e+00	-1.953613e-02
6.773080e+00	-1.953613e-02
6.774224e+00	-1.953613e-02
6.775366e+00	-1.953613e-02
6.776507e+00	-1.953613e-02
6.777647e+00	-1.953613e-02
6.778785e+00	-1.953613e-02
6.779922e+00	-1.953613e-02
6.781058e+00	-1.953613e-02
6.782192e+00	-1.953613e-02
6.783325e+00	-1.953613e-02
6.784457e+00	-1.953613e-02
6.785588e+00	-1.953613e-02
6.786717e+00	-1.953613e-02
6.787845e+00	-1.953613e-02
6.788972e+00	-1.953613e-02
6.790097e+00	-1.953613e-02
6.791221e+00	-1.953613e-02
6.792344e+00	-1.953613e-02
6.793466e+00	-1.953613e-02
6.794587e+00	-1.953613e-02
6.795706e+00	-1.953613e-02
